-0.05196431331096186
-0.024303775399507278
-0.13167126998334594
-0.050966553921490056
0.14767267298871706
0.06146333010920056
0.08562198688201705
0.016808960434238532
0.016298921545235212
0.04372412911522662
-0.22447463419513497
0.23172458403273394
-0.05973935603450378
-0.11540876228745338
-0.017397739791033442
0.07352989929284452
0.10242530233828621
0.2872465179129844
-0.08846414355436222
0.03700374741489818
-0.10267737508239977
-0.16440145574188939
-0.12622275837322228
0.1896556284487379
0.10554515635625675
0.04474700461330683
-0.1697208278389983
-0.14708769400244426
-0.02219743130782653
0.26741214390860124
-0.033156080538285906
0.20111705111700443
-0.015764624977625694
-0.08201917088125527
0.17508844937265852
0.09467566962970489
-0.09183366085100947
-0.2740079072409918
0.032852454950407846
0.2699050329916405
0.02150662127894205
0.015336472118823503
-0.17294710167697497
-0.10255295027590683
0.08931862240466591
0.139095513905175
0.0702012765442222
0.06843779657234843
-0.24924693891793462
0.14489846120699867
0.0003571439883180254
0.02303440586501495
0.18742921675976545
-0.14186698431471312
0.051366287374400875
0.14455816517263217
0.1839705440059684
0.06349619149508341
-0.15112210802459314
0.06926200577993381
-0.10573955620047892
-0.02667929082021969
0.11064124504607577
-0.046984489477091426
-0.1903802856354715
-0.10326003930416214
0.18977304922143587
-0.1421957762837462
-0.11915055756389953
-0.24585553084446074
0.0837693231500545
0.09083304768824571
