0.11812466406798812
-0.0759702625181638
0.012990142454444362
0.13311611793931571
-0.053448101959684295
0.08511992359459156
0.03918319156265333
-0.04695425794776681
0.015879324716658115
0.04028448994693683
-0.08079457181140565
0.2591951271999007
0.10643108425301838
0.08032669514827531
-0.08085220342327837
-0.0583000242249792
0.004042783614175303
0.07114335465849703
-0.1456769246026772
0.047660977623074065
0.011179723654706474
0.16714422005896867
0.01917645968414564
0.06311711471286827
-0.0390389636956347
0.11780540872174959
-0.051074946314182405
-0.216802726643464
-0.25048529502356837
-0.0453522732128756
0.08146788428058538
-0.16823989298775396
-0.07159170592393563
-0.05811601698445898
-0.013508797512723476
-0.08075322600765522
0.051366826729047355
0.15963843833409871
-0.1256313818137155
0.11436934688816279
-0.1866359249615069
-0.08224088036575244
-0.10811805080262211
0.02864180832020102
-0.07588269568928564
-0.12031281747991572
0.012918509731458267
0.25329218203775034
-0.10459436904112003
-0.12993718935742074
-0.04896235899336435
0.02143624553278238
0.029327736921759485
0.1015560317231242
-0.0954087108772067
0.17410379296340575
0.13235162607243672
-0.13720371775176896
0.10240954086347276
0.18263653799679716
0.07090297701709927
0.0208107108322499
0.01004058561480091
0.1418669428902157
-0.05016472424116895
0.08893416255958152
0.018437890395327592
0.0553184825854978
-0.12042297149287362
-0.032448683027939004
-0.017997593896512766
0.01288143877209867
