-0.01443703592176033
0.031494330971779616
0.030796644793055147
0.1103891509710015
0.12571158497381787
-0.018633638793060705
-0.11458507837111159
0.11247431910334141
0.09625002298857094
-0.02919419382639335
0.09015088700645994
0.19751248163379007
0.1816107662295769
-0.004162138089993264
-0.0196214366195836
0.0925083042199788
-0.06596165580833908
0.08084626549099562
0.017790563445796326
0.09651957394232871
0.02760960078255008
0.1448779566006972
-0.03314584843506168
-0.007331844013123083
0.05791083125550839
0.016867594567192598
0.026671980885502735
-0.0143562979217289
0.1274712674419985
0.0028040821621405695
0.0006646602785779253
0.2217003318302048
0.029889529487323332
-0.0636812779540894
0.02796623988576563
-0.038071053278393996
0.07472852629151598
0.020175354413174362
-0.007351754009835447
0.119253115314301
0.07587505410274104
-0.0003732220476050357
4.9461595837019257e-05
-0.009719989034591509
-0.17721943965750936
0.08175547049354459
0.07173015280407027
0.055330760649174054
0.0859173859998233
-0.10848628458504606
0.17273447816994236
0.06927013958128996
-0.14377852822493145
0.18500883506323576
0.08441411320720839
0.05282222107524623
0.021578695096117685
-0.058518780063840474
-0.14134842470691217
-0.017994575296505194
0.24486097368606796
-0.07659678990733298
-0.10910109207831793
0.13472386774470094
-0.013070340695395281
-0.06093084893235318
0.10565123065464439
0.03384903820702458
-0.08975761006953314
-0.0507226663839488
0.10371643732202647
0.22495461645016668
