0.100548426567014
-0.07654029464793743
-0.09418937876169874
-0.13637021233604688
0.04517994181587465
-0.047568941002057386
0.023665437221009413
0.026150571357566876
0.02633218647733746
-0.1403829865392876
-0.08825732604150444
0.054690894073924905
-0.03992435095470316
-0.10440006256885759
-0.013978919083296166
-0.012311115587984485
0.08082108160622005
0.2428857847465853
0.09545637856099974
0.016018157437622544
0.09756489310564036
-0.05787866692437722
0.172196911960312
0.040641025343581175
-0.246572207753376
0.07302536805745598
-0.07517372192041777
0.0905722413980864
0.03605719559824951
-0.1156310190586553
-0.1302205704222754
0.03847835389794122
-0.06044473212548743
0.14032616406154366
0.13769909105407074
-0.049408720062303416
0.06131020688814475
0.05519674848908021
-0.011251315084864457
0.18611607801480584
-0.034207182545594884
0.052721556648664916
0.03114962296266855
0.012367909841047787
-0.019578857536225437
0.05212716186170803
-0.18726157009662814
0.10260195967726254
0.008895951368564496
0.03090672178738483
0.02411196307141101
0.062388368983674
0.04640550339336903
-0.005073744162734907
-0.05306385882313552
0.05536094385338326
0.004270517587704459
-0.17728191061174323
-0.10619950913149595
0.06856725831737152
-0.23027190737395495
0.09191429798911534
-0.09558102119794681
0.07212431792460151
-0.050474874923629134
-0.1109418241093274
-0.04757026843653563
-0.07280259426825329
-0.14213442053135247
-0.000167001657767327
0.03335913047164435
0.1219392191641614
