-0.03794317769741182
0.07138212989424046
0.05057294233837312
0.12483589129723874
0.13283031408099766
-0.04935853052661867
0.09261174972630672
-0.010065422254125383
-0.013659308911989652
0.00031090633547132206
-0.13701799347803356
0.03916121738419477
0.09666028211197977
-0.011323430096586241
-0.28940958309689196
-0.052026233699580475
-0.0039327586389000125
-0.12580860592101675
-0.09285817212172881
0.12290942129860896
-0.11962611232929875
0.07423995847392305
-0.041152974917417005
0.06721244254196533
0.14677702403574203
-0.03511402076104979
0.023782715608705138
-0.017862279598185565
-0.13485960350762008
0.1476608558917283
-0.20742565924512038
-0.04159350500292594
0.23354662798649095
-0.031115217147487675
-0.10038284801128508
-0.005314316370873828
-0.04060841168715972
-0.12241883253427749
-0.048858393070167955
-0.04290604221762493
0.06563383266546016
-0.08531882547624306
-0.03426513568399146
0.1139314025515405
-0.15074402355025543
0.12126838657617961
-0.09469313631754245
-0.16265408622961636
0.042189537321172234
-0.10594218324709459
0.08460382069942998
-0.015130985006500869
0.01040761900700001
0.018520482232431187
-0.028322195427089938
0.10713400932089799
-0.0376004352432093
0.014014017555148231
-0.07669954019512272
0.10202310805487035
-0.14671253205919
-0.16106460583272159
0.031234619452024905
-0.23379676609561895
-0.01157522482332146
0.04839625430987989
-0.0878377130630687
0.14187881841824376
-0.10688541923601097
-0.09948906497494311
-0.14141024713980524
-0.0588335706566024
