0.1438094819015602
-0.10938581367418175
-0.05218625389220727
0.13308901199077658
-0.04096612373823127
0.12390379815119482
0.08979143679517868
-0.051315719420979136
-0.014374103382334805
0.20436593944541115
-0.04489987869789951
-0.008417744296746127
-0.12165423972364316
0.1215706480892807
-0.026796904647276878
-0.0356274541630237
-0.1813104870479555
0.05637807463620113
0.12739255618669204
0.16702637733976997
-0.04761402998980938
0.019100842954480866
-0.08708040257910749
0.0674178887042066
-0.08249359833331318
-0.06452633118428089
0.0524491236598363
-0.05469762131713721
0.03651362080886379
0.12534100704658394
0.010501267716929032
-0.04913486967854319
0.22873904549952717
0.014912224034902333
0.013459146330486397
-0.032383273281561535
0.057497861025526203
0.01612172267498764
-0.08878090621995272
0.06895630658477832
-0.13450542876136448
0.012607866933320082
-0.16620148809034696
0.04791342232274834
-0.057566733076527966
0.11166469696670776
0.026779058244268263
-0.013118988232483983
-0.06127185142502781
-0.03370035665487626
-0.0272765916122657
0.09355963456622787
-0.009837696355270573
0.0877915902960098
0.046540232078214165
0.007185936935297928
-0.16317471627990496
-0.13104998680937058
-0.09946070615909973
0.04425711368251463
0.019955911446876945
0.04291135313658492
0.200296661039306
-0.13786221775250196
-0.05650717544995992
-0.10250760277318083
-0.011798379114765861
-0.02157722677303374
-0.0037986446787993977
0.03333556414283311
-0.09567653441701438
-0.04290868086629562
