0.1568245125480635
0.01461759399228704
0.04538258040336425
-0.010447765675232056
-0.11961160526190212
-0.07026817505839707
-0.09280656391091728
0.279718092797751
0.019657182680731338
0.041061008662461033
0.02461019099156467
-0.0406013486227237
-0.09177453446673543
0.15952863135652295
-0.029330488943144502
-0.11869004714503249
-0.06322664755583826
0.023439825682543297
-0.16609697812482643
0.09584155046914217
-0.09200137028780522
-0.021132480025544603
-0.15591618330020487
-0.19056448116952615
-0.09669115796071609
0.13766084036888582
-0.10966416634771417
-0.018254382455267847
-0.017594481265605647
-0.04369575726586355
0.04517430145531139
-0.07258773612980202
-0.24586024995936612
-0.005683160648302355
0.022116550826336047
0.09103002848942304
0.1087537432342412
-0.06207326573233279
-0.002090004096486983
0.28461055028096566
0.02772593989160409
-0.00012869474729945525
0.023943615624218387
0.05296022016148934
0.04507201634601546
0.04147260496901095
-0.05287712258333499
0.039863999871771486
0.10001112444444915
-0.11794054425185617
-0.03485148579475503
-0.04844959539604687
-0.09358860961131697
0.06681238165925087
0.08135008394283223
-0.05438068599517124
-0.12743085333623674
-0.07890679366988906
-0.1094152638985442
-0.11562755676904797
0.03608658758177904
0.10751764954195292
-0.038021725600709814
0.010056840973224195
0.02562090413510601
-0.018446275399542186
-0.032855999179553556
0.10840585016008941
-0.013683877110634488
-0.15592974103583507
0.06549488860619987
0.13084691306179808
