-0.15008365880964505
-0.07853454355339957
-0.05902069519077361
-0.11920721840775093
-0.0969906136670706
-0.057547147080131825
0.047729155308282714
0.11310943843086783
0.03621438005496939
0.2769095889970162
-0.0763979611419373
-0.2606822494710729
0.010053260038688824
0.1249101552873906
-0.05000463420474042
-0.05559028806914506
0.11884530650563899
-0.10755731937965188
0.092076466255124
0.06204287655640527
-0.11004135674183567
-0.058555184306320854
-0.11126394538647835
0.10321300726527372
-0.0037785548370383956
-0.009270157366060223
-0.19550084190835146
0.08650997458996709
-0.09371154102509917
0.09256415358225745
-0.18389856883682934
-0.0413822975035254
-0.10676861179398577
-0.03206673372376523
0.03065384577797063
-0.025591394602199943
-0.10356360490337593
-0.003549222897853457
0.05426567222825823
0.09999652941630047
0.10512080606641626
0.02077184853684451
-0.07893427937509216
0.02398407939549103
-0.024998315253185754
-0.009845206957256838
0.04785459577270658
-0.013854641879061753
-0.07401931219258871
0.10422930253911043
0.2601950035801759
-0.057668647044692524
-0.01610373214937311
-0.02162013675994176
-0.022226991110247722
-0.2073649128064714
0.08773382302955784
0.023787623551914633
0.10991392387465944
0.18620811678806354
0.04324803126908265
0.03888080161986408
-0.11877682474996809
-0.040394448705445826
-0.003658479053331521
0.0924040733538499
0.044043671791284364
-0.0911109749191205
0.08161758102198946
0.035779398131925315
0.07637361297291777
0.0920771237089424
