-0.10200957393573983
0.1018832890924226
-0.11367641111671778
-0.12082543271279583
-0.009921820708698759
-0.0909152138874695
0.09261736975658606
0.023297981799618537
0.17926531647318017
0.08093002751062073
-0.05883990683561399
-0.0682521731908578
0.04289593485772062
0.1379970258746826
-0.1443074636626296
-0.12844758297367415
-0.047766410656062505
0.10606274473588054
-0.0015586765048013886
0.19025859454830868
-0.08580832871420613
0.07379306081580271
-0.18764252730485653
-0.04155671281765686
-0.06314060574334268
-0.07311031023603082
0.18897796222615704
0.07289316681730916
-0.09627652136993335
-0.02441342793077246
-0.03356562873225479
-0.03578581198302327
-0.036312772892727004
-0.16159014350857145
0.007335843348402015
-0.08550828934271594
-0.14590017552903337
-0.09773359144496263
-0.03376565390829235
0.009431434928888786
-0.1470165990347604
-0.11254817726493771
-0.10234892661391602
-0.007178118822736074
0.003272557454491916
0.02334143399338399
-0.08326315579228549
0.11407320855909098
-0.12518412911993632
-0.045239036571419755
-0.011931914727232887
-0.018339655970637896
-0.24221137000511442
-0.07524845809248915
0.04201954855636015
-0.1354357434813975
-0.08832722449058399
0.08902663515435721
-0.013284571810416333
0.1973223342376774
-0.13240977325133071
0.04519834706993212
0.010688463381196112
0.07812303028247079
-0.1292939508689908
0.20409001749952638
0.015689082509656026
0.005276196845251068
0.017957235633160023
0.08911705109550629
0.06376610712330293
0.1155883651749996
