0.2024033323812089
0.06693061973972088
0.10666568572565545
0.0886198740329411
0.029913756694048513
-0.15925784351944963
-0.11629906621359837
-0.025649066944813927
0.10045476621698501
0.12910236681207785
-0.09192690578102938
0.0662424086423605
-0.04027531338237608
-0.08077705635771591
-0.15365952822191342
-0.006643833258005417
-0.15645669431929968
-0.04784980248207611
-0.05212484865223654
0.11240741255866288
0.1021031989328488
0.1929211203981912
-0.046816570679195035
-0.20124587381746042
-0.031458814615649484
0.1488297812364596
-0.14633183275576495
-0.0004954891722966389
-0.121836237446634
0.054349448039136286
0.051146287783681625
-0.08036765633958323
-0.08885023576165706
0.032628878574559476
-0.06417926877513176
0.05593467755272248
-0.08107142615597276
-0.11286637042228238
0.032552655752558744
0.04631408491142002
-0.003930349007150579
-0.018365951916912093
0.012853343529394776
0.11074692847133244
0.0253195830243798
0.1686066612313945
-0.1328947743731392
0.033432732120389975
-0.06708785384277854
-0.007147348512041216
-0.07197609430670697
0.05047171181588911
-0.02155022577345861
-0.00988037995790229
0.07362589037467071
-0.0379796460522791
-0.14073942132538408
0.07635431822080077
0.09235878710191785
-0.012070373967275647
-0.008026015967886626
-0.12034503228612031
0.1046635679839256
-0.06553173133522461
-0.008511160671197367
0.1305108672558538
0.0203216823841445
0.056428252062676834
-0.0009678384329206129
-0.0014483485698254873
-0.12246260301164674
0.05589234543411519
