0.1391423000718249
0.2712454118236864
0.07842941332256576
0.05132670725054651
-0.1551616525899064
0.04786573520923071
0.03447182278439222
0.2557188985779924
-0.04787590555905717
0.013345215380686996
0.02255283685271246
-0.0666966694889467
-0.10831865888998948
0.22813923951871154
0.04196023139813141
-0.04771149803909351
-0.07629374767747153
0.09569481954131914
-0.047000945950179306
0.011063232850738215
-0.05132006598707914
-0.10834571864171777
0.013897410865329094
-0.1595655790613089
-0.040930778897831144
0.184112514081647
0.0279379097748437
0.10167642217312399
-0.18895926141904767
-0.047012377700109395
0.04926499394805153
-0.1396240171445786
-0.15874152592358426
0.09135333479609338
-0.06694181150180818
-0.2657120400572441
-0.009740436000927104
0.23234552964533928
-0.14608926641404804
0.04101033977580475
0.08146750886702246
0.06600988506845122
-0.06928598127405385
-0.010082251340546662
0.016182282400257954
0.0509905845307472
-0.019723169155591948
0.07395179610336869
0.05773021230865767
0.11325225497862774
0.07301917607257327
-0.10546675655273963
-0.030133404550111695
-0.20263760278392084
-0.11889082550435687
0.06313335836303759
-0.11549840375069718
0.10326806336042416
-0.10621066265131585
-0.1429762898966048
0.013836609656110572
-0.1888927989815996
-0.05692141687146433
-0.14111257618089498
0.09415837263796935
0.005789353446075362
0.033317950018516396
-0.07204857318156128
-0.10533563403019536
0.07617846553568869
0.0993237413354506
0.12370354210741703
