-0.11433120417642118
0.07601557313456163
-0.032688709683894084
-0.15702343662831147
-0.06778735774027796
0.07503973208933357
0.15878999082939182
0.08963074508377172
0.03397110959219422
-0.02317279859182013
-0.35152722098539113
-0.08645303085942382
0.045854611760904364
-0.0947037242009795
-0.3701775230526789
0.04714025798716459
0.20587315149518579
-0.020852860681413773
-0.005720764365735202
-0.11506490689751275
0.01597779637540688
0.25937129218382193
0.06976066429577434
-0.15644478952618152
-0.04532625924824276
0.09720199620214787
-0.0452485407473756
0.01198272827105637
-0.0012390025908259814
0.09770938169081653
0.0008930545989665533
-0.14948047073837234
-0.1417349642125079
0.10956932694960979
-0.09334514346654987
-0.01936763849867161
-0.041172253373893845
0.011642020892248167
0.012072081808739027
0.033261971702648566
-0.07471495423473584
-0.11358518803403556
-0.02364156530443004
0.03895090187774664
-0.13825567804106395
0.07795560983702791
0.03939833268167883
0.11019205219948255
-0.06426364438091799
-0.12442576331783148
0.010601564220623111
0.08393256023907776
0.0731667867673635
0.04850068075995973
0.009852788379554823
0.1825898639547989
-0.05105353015924291
0.17893899532977198
-0.1293332288067267
0.10430410500165059
-0.3093711671619578
-0.02239879704729659
-0.06159179812380408
0.018457480327987344
0.07805350890539159
0.0015995862167920358
0.16561866166651182
-0.0443535267907586
-0.03831180570029264
0.028567406098985868
-0.010445895693627534
0.08442832867428444
