0.05315225888199806
-0.05598603052376423
-0.06625832132770064
0.096018060807133
-0.18584832133443951
0.18419004896608307
0.0006148800760590184
-0.01626225899425479
0.07300496306798723
-0.0021249103687673515
0.1025440598057295
-0.14469762822814297
0.2719072380638698
0.11583999082898648
0.09102487830901
0.10828485197954132
0.014882877079256632
0.11617814071206571
0.0019119284713688886
0.05729561140785169
-0.16541868545811333
0.09913107096263128
-0.02693844589509222
-0.06862413010119553
0.02249478201979082
0.1220978007364631
-0.28231828538318976
-0.01497670272914895
0.05699001323462279
0.09809771236741961
0.006524726535776362
-0.11317766143214818
0.02704643330874943
0.08368002710782882
0.09889299318533107
-0.07498881450051345
0.0671073515500321
0.006975428512970831
0.06419076680191282
0.09279022064476926
-0.25377367214369184
-0.06052550877011791
0.09001388312636976
0.05280964060091832
0.02076456699370495
0.048953498526350545
-0.13553584849698386
-0.11183526495712498
-0.09030662470438834
0.2041616645940374
-0.1347993160144605
0.15857507235253318
-0.016406045651170993
-0.06440865007285106
0.03116048578453158
-0.09483932174761574
0.014044978223165486
0.15412282191564403
-0.14287783081806354
0.17706212453667863
0.10471262955624921
-0.05674856236268663
-0.10971706902621511
-0.14676980084480598
0.11151497352853604
-0.06308018787354537
-0.06173334635519929
0.3036301031885422
0.05506866679196665
-0.20550701491232892
0.07230822270748402
0.12493872197357489
