-0.17998941728625706
0.08661315320413727
0.0036207166761309663
0.18575803667490287
-0.015357116254293035
0.17804713258280347
-0.068219889595598
0.059680698103702225
0.11479553087768993
-0.2614420181128559
0.14657192385932605
-0.015748557345158298
0.08855794784840644
-0.11518774731635606
0.015998168428080935
-0.09108927993438452
0.031244185193214116
0.07048591180198548
0.03033246452321431
0.1384292541929909
-0.012315429426704461
-0.0992473607375427
-0.14972151944849743
-0.19814486030925482
-0.1054820668723777
0.053990887206757134
0.005261620342363324
0.1415973039556224
0.13735270736698152
0.1358921811334571
-0.020939987124018854
0.08320891542452752
0.08153849615156379
0.09125211074610351
0.0069495431790339
0.08325066479377535
0.09523762257288387
0.06989740120453405
0.06720426827401711
0.1074703929972548
0.0930574576584021
-0.058703486514007225
-0.1047170472511263
0.17343338685055928
-0.1202360871557447
-0.08285449502381889
-0.07811568080318064
0.06737591758417058
0.028570217807416805
-0.01591587458302992
-0.051975860020653075
-0.02985884450367134
-0.017494254413290014
0.005969062656544015
-0.11991211314950026
0.06596288201670848
0.05744323451419217
-0.15042861276147984
0.08212510908598741
0.06996970009817766
0.05365872168676647
0.032887656577524536
0.06812223751099113
-0.10589946858716169
0.05976873916399619
0.04578416962640189
-0.05729192398166899
0.1563642410560997
-0.05253927144663883
-0.0520821784376399
0.009843162236481198
0.0171123430105217
