-0.15987948829767926
0.08357864414087594
0.0031278177521067083
0.0005152806117746517
-0.1344152646126716
-0.0067021359081024315
0.16278193312200054
0.049271240610083485
0.02099438846848773
0.184331957363367
-0.18550954066744418
-0.03805799961918639
0.048489920099451383
-0.07841704044402868
0.13876996761335517
0.03773478175456183
-0.0575752724836226
0.11453965884849523
-0.028643090965434284
0.17197086537913037
0.1240561312527112
0.14501493700965234
-0.2698769022970221
0.08427000081555745
0.10982021717313306
0.1056001561513909
-0.05003586956361146
0.154651158435485
0.020930026165221934
0.05090264541141829
-0.008808904031355699
-0.00832751714236957
-0.12401199409738364
0.01006280664964885
0.1656263226599774
-0.010373145118529277
-0.0051383630294103005
0.08085704261844286
-0.09982361345410876
0.06169070258810718
-0.16749047111009563
-0.06936023188229383
-0.09356285969131285
0.013579634881713206
-0.0458371397380164
0.18306657280300692
-0.21020006462643215
-0.06658920923882783
0.019486337236897175
0.0046896741402812775
-0.05814241607740881
0.09456325956528652
0.010037439615610086
-0.06694027648112823
-0.1634189417500326
0.07366328131197741
-0.19944254928702165
-0.1358957033111356
-0.06080054293321389
0.1703878604612136
-0.039817695678005235
-0.04082519511419237
0.027240095493976657
0.10787918337887803
0.0713373549202731
-0.29433343543992857
0.06643340360138347
0.02604307310682149
0.028134959856706637
-0.06738988272286978
0.08280918000415594
0.08828091857832998
