0.06517115178126912
-0.02058236733364766
-0.36040007969705506
-0.09039841607953293
-0.017599684635887125
0.08980273220080537
-0.15812783466776908
0.0634456615473806
-0.16849924134917865
-0.27394268838704855
-0.032418538878255826
0.028441572110219485
-0.045153519589813645
-0.05457743817179761
-0.14561872163974723
-0.1323138960622666
-0.017935770444281508
0.03731012073463273
0.010767304478981075
0.025936705516953748
-0.03240062609121496
0.0468052258964954
-0.0003205671388680934
-0.054180752316673055
-0.06213221632337699
0.036898348566094384
-0.026169763967741108
0.15444003250706456
-0.07903343963148435
0.020531700554150788
-0.15905577432841572
-0.14236253393349158
-0.00964503211989192
-0.018058092997135983
-0.18690062546170721
-0.047277325659114744
0.11135495595950338
-0.006905370565950052
0.024861810143253768
-0.1350957711069905
0.045365496477517274
-0.14547824313820792
0.015770437979548493
-0.00039671468291750775
-0.010397993333671925
0.24924260507848786
-0.12729589312374143
0.06982951149248488
-0.06918132456262031
-0.1572507973552262
0.04041881814455852
0.0610377166844435
0.07876110687745075
0.14813139946570908
-0.08720433455778824
0.04699667966682003
-0.11759028070332696
-0.005038740882899361
0.0006360633453601014
0.08523404224782083
0.18567668343222407
-0.011682781310337856
0.023639044699310732
0.116415430495662
-0.071652968759506
0.03375016098339027
0.018723703363663746
-0.15039312192852428
0.02258293921394927
0.013178763172221039
0.06333851774162053
0.02694380925324873
