0.1583954442377306
0.022306785670406393
0.12875017954762152
-0.15730765535301178
-0.007701295505152927
0.09563353704896692
0.0825748408893298
0.21734651557565873
-0.08862712807392098
-0.05599885986849945
0.1554076814931583
0.19507321746751807
-0.07109457028358528
-0.18950458748156448
-0.022088843223628248
-0.0844973259372401
-0.11349338599638192
0.18444952327621925
0.22783617787191596
-0.023871331218776888
-0.016325113815085307
0.07922038076216328
0.0704189451617136
0.03678155525880912
-0.12429451486464418
0.06666249066620307
0.09452872937743023
0.02312959149349319
0.1045399824000681
0.13486125231633564
-0.10261699365451063
-0.22602211641769376
-0.15201741067859614
-0.07602998504663726
-0.0035967590503368507
-0.17842545659099143
-0.12703492060246263
0.09026837863505857
0.23108710814916644
0.048189599000963756
-0.0021520595958217023
0.21157942891119574
-0.023091388965872768
-0.20548855743849673
-0.20329258616215037
0.04247385545512588
0.07293693654915345
0.11174359856091699
0.03816552245644478
-0.1969945148546285
0.0376166641018355
0.18873277837465402
0.08872695623093506
-0.0985812864394242
-0.12343177137372159
0.09399007872896792
-0.10281405617662903
-0.12698453089738002
0.03355980114100256
0.10691586931248862
0.0678319402130652
-0.011566210319463428
-0.03789529235064533
-0.03722535985443412
0.07675166524533569
0.04858639263464792
0.23168435706528287
-0.01584554312438201
0.11289578110453219
-0.27688516420066206
0.019522402585340944
0.09788131547342896
