-0.14701211818154544
0.11157512527619605
0.11894545272799749
0.0036198005759790954
0.18330036041867143
0.0600269099788138
-0.02778793715519249
0.08091410318479876
0.062324107761801556
-0.010430731309845067
0.10800447904603011
0.020964682156053377
-0.021747879487312407
0.09309563990308833
0.038581275246945136
0.018405557424628717
0.05749563307371591
-0.016172112432366968
-0.006439335435157845
-0.06880042904576134
-0.10097836416897775
0.08858003637538134
0.1722433504703484
0.0672372068456346
0.1632327600279262
-0.061626428621533724
0.19213653806324538
-0.08293885854426036
-0.012554760315266362
0.02454568508555106
-0.12881984699704138
0.1728362468432879
-0.0953747502582615
-0.15678257592455208
-0.014219463213649908
-0.09995538102671525
0.15597025782122306
-0.02641416875323423
-0.1309274142491271
0.1586484707188266
-0.28888885919868684
0.0343135662163702
-0.1067909317313843
0.09027858030219457
0.12278282155897363
0.08805588654706892
-0.1235016901657035
-0.10201319795778792
0.08037305867700018
0.15355034210120977
0.04434413356234179
-0.10889261326990157
0.04315792110803119
0.07635842014179645
0.015405636723961792
0.035181156573476584
-0.18037300741107112
0.05244953829709457
-0.0678297289533961
-0.08127022747397633
-0.018112234513071163
0.004219768259217512
0.07548241337043061
0.09968010131525018
0.06099028936119291
0.027935614068806344
-0.011928450827945266
-0.04720861129127529
-0.17868246010942365
-0.12284169093683672
0.07140851696254133
-0.03677172802427955
