0.08556892208858269
0.1180204246401027
0.09735084316837808
-0.017656848066203143
0.00027679294824286063
-0.08091257010596234
-0.12846728911873065
-0.11513335966899033
0.0023735120096336076
-0.04541925997387519
0.17076534872586602
0.0287767506043037
-0.11303825687689156
0.14576344911390068
0.07230353681110016
-0.09633791755537208
0.07982078640388157
-0.04941543437040296
0.08732908571579442
-0.08026137728287802
0.023152182866711175
-0.008400521088328897
-0.17413738111664767
-0.2620812453448416
-0.11555470251726763
-0.04498494113216626
0.04957897500378074
0.10494307132271793
0.09733655834260407
-0.035889094711019476
-0.05826382820240788
0.02469747360976795
-0.042638439784025414
-0.08681321910558393
0.03785198543498138
-0.15905973085730488
0.01691462858965486
-0.04602443576633536
-0.0847089873925364
0.31048926765312346
0.05241500853190609
0.0736788088297438
-0.20421060785661244
0.14187658694509278
-0.11988728873275072
0.28062729874443837
-0.015615331681357557
-0.07914245447825563
0.0005768695524011394
-0.016228199626674343
-0.053831100814125274
0.2992943582791592
-0.043521575563725136
-0.0400928691265765
-0.028229276532626482
-0.03152560235140468
-0.07695393718071428
-0.0538622739847909
-0.02725119352498684
0.06557247248004316
0.04302596000300592
0.03743658451893042
-0.12218982888978987
-0.033431760604682545
-0.1152896458259744
0.05625726710259438
-0.12616399637535858
0.11790803775255732
-0.14561675879066469
0.046828547339540574
-0.023343088157734674
0.07179080601022249
