0.08731360054681252
0.006764936805443848
0.04784403414129272
-0.009998596867370393
0.05968373651710103
0.13599576410971378
-0.026481508051335353
-0.08263608386877101
0.036820490008322874
0.22312190644752253
0.15663937478261156
0.08861214933368552
0.20715710928132192
0.14582081025357713
0.08148475996153444
0.12211586202670445
-0.014397909464230092
0.06262478601168808
-0.05026682906908282
-0.030489587706817752
-0.0353627006211703
0.13487521876486946
-0.06182963578233715
0.020856276799704348
-0.13159585318673428
-0.004606203573099538
-0.1411699983534481
-0.03314339919230914
-0.006039384421060251
-0.10026700029887087
-0.004172283283741515
0.22595521563534454
-0.08035319732180082
0.17743603713137726
0.042351302744808486
-0.007305233709948926
-0.14189388955793736
0.10261345841884716
-0.002165251655296247
0.0004395908426698819
-0.009195513812169716
0.1140670425924495
-0.11414761048845753
-0.03606653565950335
-0.15364864877256365
0.0867097866306406
-0.10039338241462922
0.00019733225359234996
0.076274613720672
0.10577069193763264
0.061662989479731214
0.10180797894364448
0.05888224135242862
-0.145018945798944
-0.20512096857329482
-0.07701971354396957
-0.1302871025197423
0.049038134687764315
-0.08464450715959053
0.0623314014262948
0.06197238047303982
-0.05187673631958016
-0.010113590321250976
-0.06367964164289398
0.07107177690540202
-0.12853162860164197
0.21242422702661085
-0.10305735042225789
-0.16033748313490415
0.012087216940253968
-0.0036848503783821138
0.09695448690923292
