-0.30762002716241876
-0.05229565460501631
-0.07194132785917563
0.02796227408816697
0.10517878581345683
0.01177126386461394
-0.05895943195012843
-0.10979322496422869
-0.0016590535271056653
0.14636494268037847
-0.10166881578183856
0.0664047367008534
0.047758624260869215
0.10770904918876288
-0.04067905401042998
0.04596691232576594
0.08511992259356832
0.08629398455499349
-0.04679621556302843
0.1325316325568202
0.02249222238955086
-0.0946413028694547
-0.053452664825820784
0.15675772356005396
-0.12525084593844193
-0.017489485122309356
-0.09579279649124291
0.05362858613322744
-0.008322886316145514
0.08459957953802844
-0.1190131523977053
-0.012036161685262697
-0.09631052359575035
-0.03616565382424405
0.05779334428989845
0.08045773824565236
0.05472982944226369
0.08087274336935779
-0.024911027341410503
-0.10358506565351117
0.04358980551933033
0.05270838584017437
-0.008558824105894215
0.11971272335055254
-0.22719466071009092
0.1330763959138451
0.07717695422316366
0.05225828101953395
0.13438159742308667
0.2525508384593919
-0.08423124751389359
0.2044220002504073
0.0401774697245105
-0.07914673707511585
-0.11393766998237445
-0.037804301180732705
0.031608985561236175
-0.010797067800781865
-0.1286620711499151
0.17116705737687157
-0.07075526615792097
-0.032096067902904916
0.11284219685076405
0.018211207911403363
-0.0014589815172448145
0.12811517682473111
0.13066619589422407
-0.18567368489375288
0.18332191411032522
0.0029486419914223107
-0.08057771657833442
0.28229508517381185
