-0.10055866983588742
0.011064934800309362
0.00455235804354917
0.007156182060776829
-0.12054521058762833
0.10544493543783864
-0.022535752877878762
0.01289973013622215
0.019173865005244022
0.038803785377935066
-0.01190139846985157
0.14848015792007194
-0.13242073313903865
0.10824550561228855
-0.09963823121948079
-0.05345342035840808
0.018907836418219817
0.03871801264382705
0.1011446763324992
0.15029677805718275
-0.004792186774966526
0.05183555140244065
-0.01117805543166709
0.12365006696221444
0.12834571780721338
0.3586641142438653
0.054595268355011245
0.0807519779879439
-0.04825780026372376
-0.030081062394781123
-0.19367385539842202
-0.04053547282920081
-0.027560775824064077
0.10044251077266855
0.03322778883138602
0.07904439998731816
-0.09069439784420287
0.056646444820190135
0.15950664710632795
-0.04885073618832039
-0.15766009095636288
-0.06888769835116548
0.04682092193235163
0.12191862150133362
-0.12491896879753904
0.14757797994618077
0.14325601990725287
-0.1724323989316292
0.06488989806328625
0.08026670691232018
0.0546251651773178
0.18212335317545067
-0.018365626016120924
-0.1953244975685149
-0.21188489134548197
-0.03287245199925049
0.032944952674384964
0.11753218312156087
0.01260621151511971
-0.06530127967681153
0.05706067989628349
0.08236979749892184
-0.03428579873713462
0.0075722284287751095
-0.029749901629388148
0.19727076139376054
0.03999022117726032
0.12355929109564878
-0.06351003885612522
0.010142020804293987
-0.10812612792294174
0.2152723591503506
