0.04538741543087172
-0.057287621019319106
0.10458392032834203
-0.004656469792815389
-0.1582511903142305
0.122997812794012
0.10099061096480466
-0.06562263982720706
-0.02660424036129699
0.059206264234300136
-0.16037719589807778
-0.12387428876324791
0.04123613765460077
-0.03990602573246137
0.04236769035127978
0.14915284447636235
0.014829729635118956
-0.03800156065176759
0.008578026253432696
0.03450846481295703
-0.15669057465403327
0.2860211109129482
-0.0007139274439709639
-0.07372625748148545
0.0906691600803914
0.07621959969910932
0.10192024523092534
0.08093102279454857
-0.023006543432244765
0.05333258154687756
0.13435188120917727
-0.038036003384780595
-0.14678271325210146
-0.06504444630320673
-0.09640925394956608
0.05820766992979126
-0.09680704136713512
0.07706951002131017
-0.13629932125962793
-0.10700861108209903
0.029475041433030036
0.09406222798019821
-0.17029563976574436
0.09403215251083413
0.048960920705853485
-0.0247794054617665
-0.02877312890450236
-0.006645913710223765
-0.14714501351412082
0.08041539568316194
-0.0023145197286660213
0.026546882471193196
-0.2571666780093182
0.06082937442261515
0.08857047811843517
0.09563540038675128
0.07116976874771506
0.09424156790708901
0.05858997321302328
0.04291530079772454
-0.1085407659686791
0.0033371272371446534
0.11828812669594713
-0.04304925914112559
0.18376682338412062
0.19983676858156837
0.08797470619690761
0.12450412806758726
-0.15171858934268645
-0.052429920325794105
0.135652471308033
-0.08848034442971628
