-0.06386368569944322
0.14268151420813152
-0.09567286481476865
0.1333639978745886
-0.17495221138547914
-0.07460603629737735
-0.2280723000665581
-0.10277626200926815
-0.08843316709381333
0.04920152227520453
-0.09615150078648287
-0.010215101464906364
0.001247799624763664
0.05512758320617529
0.009757509645137242
-0.25323066634064784
-0.11133634912999751
0.09934060243777229
0.17526551961528375
-0.13718952174433396
0.039017607098143184
0.024026406168651267
0.023592325062064656
0.04785493423491306
-0.12217595312498004
0.21851542350691833
0.05509234890493539
0.1093399997479452
0.04337080442993273
-0.032804453010730705
0.1726776610563301
0.0028954899406074762
0.06496715530861423
-0.10379046294739869
0.07848677652007607
0.03422427606226618
-0.10199457055427937
0.08113883297430002
-0.030137427576176098
0.05768825970157098
-0.1136442233988868
0.04126437318043581
0.11162217554044457
0.02907506313611167
0.034795056883207644
0.12675146399768986
0.014523215284882813
0.0940387505764362
0.05053199514317021
-0.16939627858950318
-0.23769134005095036
-0.1222342463297679
-0.02910458438268318
0.19764516543004534
0.06810066935908812
-0.16678626246330308
0.08906589593518212
-0.054763569497224156
-0.08232513734094937
0.05004623865398115
-0.05359455359413005
-0.011854065449117991
-0.11259581417358551
-0.05856003475581154
0.002004716972733843
-0.005853408164154401
-0.0009121762930583415
0.058250674668360786
-0.1149348245490923
-0.13507412651847892
0.0791247345622012
0.019287780165215315
