-0.045896656987076505
0.060437640844346024
0.029211587973397908
-0.05797996229341682
-0.028164405160583363
0.15085621561502366
-0.07035685854673625
0.0874183778041222
0.20439033072929452
0.19957814840293003
-0.04679650302233132
-0.1356391380226662
0.20508174778705257
-0.29475022191109634
0.10766333527999056
0.09804733935881244
0.026836583276091674
0.16260940182741834
-0.15707232358823517
0.1883642393890483
-0.15996958096827352
-0.0015242711594690794
0.12523952989646067
0.14789632062516034
-0.04715354008997499
0.07937370077412337
0.010592164174319244
0.03874912714916852
-0.1533204111098716
-0.10380761780633795
0.16242335482922013
0.1260448261203368
-0.07848481179052015
-0.13860286835998512
-0.023833647386046958
0.03259424988670985
-0.044385470023761406
-0.08090790060740574
-0.11374350360568874
0.24027806498227214
-0.0896755944100984
-0.03022922225617419
0.030379357404856273
0.020377508817607776
0.11433858437144778
0.08167071337131587
-0.013510399373205318
0.03942593072136229
-0.013353055989105744
0.04012345341555476
0.0029976015296576796
0.026824761050496762
-0.014125468752446461
-0.09123127267502315
0.05580197711668581
-0.14752437835021642
0.14227092002775218
0.22749094628629074
-0.09845555490168534
0.08935736157510694
0.0946469657724003
-0.1799633406262825
0.08792065291901034
0.11525488475189585
-0.15108431175341414
0.2885376518191932
0.06173587297987518
0.014267844181374818
-0.19324165256396542
-0.1316829523733227
0.1151622777203205
-0.0007535132986818826
