-0.08482125586036712
0.1716127570845061
0.08188115883885316
0.09992052020417835
-0.012863544393017385
-0.024366951885409188
-0.005494865558039051
-0.03793016588861617
0.005140590152072582
-0.0673188342184304
-0.07239090296332427
-0.21059291396248533
0.07750662555734888
-0.013255823976058002
0.05191114831470178
0.012102794953151724
0.012912946532390763
0.05564000647887429
-0.11795910147718394
0.17243365714177983
-0.15307922695765244
-0.05424100136738733
0.030022474859279526
0.0265264547184905
-0.12348189738609792
-0.019150820163418715
-0.07729250719298789
-0.11799285904883819
0.20958359746344796
0.006340367122465715
-0.07397977503364835
0.11922618928459626
0.06844734454990195
0.1411184994843465
0.2322080666690973
-0.0030352439336912423
0.00025562630355532135
-0.003583431857268297
-0.14627615713877315
-0.03407921163288671
-0.1468495974893668
0.15811775748670184
0.046087126538744326
-0.03942925568239517
-0.053872867347673783
0.044401731919909954
-0.037269011064431
-0.17787384111650087
-0.1543395559453007
-0.11856725557054493
0.026746784018548506
0.03703945709724794
0.10755376766902221
0.07297202496309721
0.013614413473566421
0.24105378218779358
-0.0834757631956155
0.09846868512885684
0.15147773855872831
0.16177111508740608
-0.01721184244806431
-0.228267705944618
-0.09809226991783045
-0.0438475292441123
0.10466402667936302
0.07629905700166205
-0.0131034695724494
-0.03055874174566392
0.1337931151242548
-0.06950331965616224
0.015640694066291008
0.011774344200264613
