0.14630720892651886
0.04408237318206186
-0.01358573113060079
-0.026077223441334445
0.0393196905668718
0.1116747683527537
0.10031987464636004
-0.10603736684530041
-0.04546008947477435
0.03293293335763397
0.04280233729689535
0.011714530209216777
0.04493067983991043
0.12855035020252664
-0.15413499192761437
-0.06642974392979316
-0.08277505047639701
-0.04379482558147249
0.0010629347431529296
0.1744892836633043
0.07382185903956331
-0.004704337389305535
-0.010727554757266215
0.17194247399275803
-0.08614474239746665
0.009253818707073973
0.08489869475352212
-0.035681099900858125
0.0382420395630986
-0.03319467864111337
0.055148542112563995
0.1421745311788176
-0.07422557843236066
0.030777493345248413
-0.2535949896743943
-0.03679732220534737
-0.05979212163558334
0.15457272957388493
-0.05248733638682746
0.04637668952224153
0.032817495929836356
0.0633437363377524
-0.13141252703577733
0.11279388736300758
-0.17892927609188747
0.09176145975623516
-0.1774956469799599
0.07795471459512374
0.12260736535212383
0.06006063262364328
0.16428011298670997
0.063414494357867
-0.005932118840299833
0.07538356964934034
0.04915068857812892
0.14457275032608205
0.0195774540229851
-0.1982096522395659
-0.007642046815891599
0.0684786040481391
-0.08634896184421455
-0.024528523502264095
-0.0991607571831663
-0.016284257766388865
-0.058572912052971854
-0.03541274730603319
0.07350047240553716
0.03527906497586103
0.19499997823044854
-0.2201296366105566
0.10354503901136752
0.14371639400752373
