-0.1348323355105136
0.08626788728820568
-0.11526312156023827
-0.007145796420675015
0.07875270124288793
0.036361620409093354
0.04493855041733867
0.04297452822215447
0.18290324360685595
0.1247249123249075
-0.12880793949151742
0.04598295239847145
-0.08945424255287715
0.08890146712274918
-0.04128036115017056
0.0034984184037501996
-0.0726242756063742
0.03670998468080912
-0.10918092264905419
0.14430650817554772
-0.1397524901577909
0.2518765853867238
-0.029449899358366005
0.1526772530226026
-0.01608083332946795
0.07471425757897951
-0.043690626601872166
-0.1577907726669723
-0.0050237741491961675
-0.08188952288216224
0.08699785200238339
0.1807136164209223
-0.03856559678864534
-0.008284699480330393
-0.22966704946202268
-0.007498276580058756
0.0044711869932372635
-0.06602158926749463
-0.050153794068305384
-0.04322734259736434
0.042705334891506304
-0.07789359412955756
-0.2044472029272557
0.04885738168392883
-0.13438434339207062
0.11188180442826753
0.12404615300770465
-0.06526474746958631
-0.16034665946049204
-0.12336450210631411
-0.12426110044224307
-0.006037016765528983
-0.048025872139469655
0.12213424287479921
-0.04910534085812552
0.06187781616800392
-0.07766509737083148
0.04092011438938292
-0.18016348168165744
0.15885291930671197
-0.13628672888930649
0.011868562741736859
-0.0807095768167606
-0.0010496868299558343
0.029794459751443493
0.06302057056340073
-0.02406870981239434
-0.01691505809010481
-0.15451620541354588
-0.21014826908210404
0.07425431078684461
0.017540597858180254
