0.01774276304475789
0.23802430014982767
0.10049425465459279
0.07304185648539563
0.08026065999865842
-0.04034553686942169
0.04713349732181448
0.16322207910748612
0.07706287710050737
-0.023024994230436954
0.07258368134698229
-0.023209466467176268
-0.17998923761375202
0.16441059277659648
0.0837205304929386
0.010526702812908309
-0.15353180148135315
0.0452762597677487
-0.04634116721067808
0.11277007164124633
-0.05685546759054705
-0.10926117561177498
-0.07291224760437609
0.13293346129127692
0.0036844903638297774
0.3255351989969879
0.01930462193776631
0.21800726668222659
-0.0732666016832915
0.10918868314388358
0.11527597351800269
0.12356286575288294
-0.006141743560357096
-0.09315979884138623
0.014691080090777686
-0.026839171639529376
-0.046684898132756995
-0.014517145630900383
-0.16472701185437139
-0.1374063391403953
0.12374579292007978
0.052819143297226825
-0.14849639184441976
0.261014544084503
-0.19581945037786674
0.19556264218978914
0.07039896813816218
-0.21859140782406764
-0.023499462441274346
-0.005386991217977186
0.07223185137463305
0.09300397718365305
0.014239444568380055
-0.052819612027858384
-0.024493924313590147
-0.01771213581075922
-0.11828663422753473
-0.00804729890231106
-0.087745336257191
0.13308398384699585
-0.09754426944652816
0.037062807608097034
-0.0994160852421192
0.05137938681504684
0.07291232177970561
0.037908650905433966
0.0700139109942522
-0.1447762556038183
-0.08322293772919985
-0.07357950965004778
0.17023787943682162
0.09371230300415147
