-0.11166813412115442
0.02041982158676108
-0.07197672050945646
-0.05166213500114474
-0.20924364307274185
-0.0077391826056360585
-0.01127694618367231
0.18468094300312532
0.04274216231566147
0.1436066267306245
-0.04653064268612124
-0.11810246324157454
-0.1195214382005338
0.12311302383817108
0.007184166528897747
-0.0995136637277848
-0.20450982552718422
0.04707362887310122
0.06132980933050161
0.0849062130882973
0.12100847024680182
0.11908989422517445
-0.010678066801671724
-0.09015146967971938
0.17174942353169023
0.14591983223843377
0.061562413840338115
0.06659951244635925
-0.08252602371772275
0.22428103218210493
0.15637898868554237
-0.17063935174602796
0.03854338555758072
-0.06484971087886947
-0.036361209904252866
-0.02221821224301968
-0.050554233667594366
0.08533915673948742
0.15568231286075263
0.2615359272542172
-0.0711354710014599
-0.011062297740619405
0.06660843580313829
-0.08856731576413288
0.04949295633119151
0.13390785403678968
0.04165795059104914
-0.05262490377766909
0.03565039065747455
-0.010837792408081741
0.019307439506330924
-0.12412917309770154
0.08889483596295832
-0.14147629302456383
0.025113122508928717
-0.025240700384867927
0.029587824044601037
-0.032461825547548395
0.040801124495972445
0.09053827770664145
0.010851338658866748
-0.000931973400227762
0.08747085032823515
0.04656283505387961
0.1560635202122944
0.06941774130189292
-0.18910789688089746
-0.05872579691337859
-0.04711359451842764
-0.24929930331936534
0.015664669719714433
-0.04345570371194078
