0.009916164714422332
0.04157170192916506
0.021971266086109397
-0.020478387800219933
0.0008668298298499654
0.0893438638534213
-0.047926061354111156
-0.06392627294216235
-0.046074952271285045
-0.009244501300606323
-0.06515184528649304
0.037435128224210426
0.027239038899182274
0.06599669172798811
-0.1095887601094182
0.05985653431086239
-0.05175468601744592
0.00860341460052646
0.2530641985334014
-0.10307115053738024
0.010687624191827295
0.04889063616210768
0.06658315919647374
0.06700150065428616
-0.051687336088456576
0.15745856670184508
0.03961441431974624
-0.016663836559128942
0.07522266698756638
0.08919172016887701
-0.20884669962224878
0.0921517860328046
-0.14703177486456726
0.1127145286847084
0.011274804609379047
0.05415680674020887
-0.11708930070692194
0.17024542107900276
0.2497999878608662
-0.017651130735686124
0.11371390550606289
0.055894173394110305
0.025383777117302164
-0.3188013286113862
-0.06720811232897755
-0.019080794927135408
-0.16949864956266478
0.011435537062150431
-0.031075543157844866
-0.08744298442393511
-0.03879420364758273
0.16919597114073703
-0.08608128097671272
-0.043483741419475634
0.03536675858719308
0.1138188011232761
0.04048840025191566
0.041823708227077996
-0.13576167624720079
0.1571655246212731
0.03317023251387295
0.08988191254641392
-0.1926724273734969
-0.12163451492609488
0.04008564881260051
0.08078014265348143
-0.030590632077937233
-0.03161150254222312
0.0044023587690291644
0.13319409426066572
0.07945893026042487
0.2552106603800922
