-0.1135011433093048
-0.06962207039418879
-0.15156715436900142
0.11896013169461311
-0.13648452861010146
-0.007551840632684645
0.08789133794501294
0.09776574886891487
0.15000699164871883
0.10024559061277559
0.1446034615844712
0.07117027722359223
0.126066923588103
0.1770173598232959
0.05518489330211124
-0.014390043712701465
0.1077057567794363
0.0756004228999192
-0.18724927011764408
-0.03466163228698159
-0.12767627667825343
-0.11343660646569945
-0.24663957132021977
0.1206811719254006
-0.1832217809052064
0.06744766286998276
0.1475266125279745
0.012296353152931205
-0.24634543760211214
0.03071823235445033
0.14880352670304947
0.008004421562641667
-0.05337431803184693
0.15933125531005574
-0.1431848576213028
0.008635372328255283
-0.04708154721461394
-0.07213894765651391
-0.05273519629850952
-0.13971542662645037
-0.14883743372998784
-0.12235641891857585
-0.22386991902702133
-0.08150441487185994
-0.042404399166017126
0.22203387082362636
0.06509579441467583
-0.06066011120177068
-0.12820256338649538
0.030749046702979843
-0.04710670420639275
-0.04225326004569494
-0.04224150018511151
0.01700539012184088
-0.1391874722398686
0.04235552040248328
-0.07509960678842582
-0.10723643631809784
0.03869149867818464
-0.021149501314273376
0.12648552704896526
-0.15426467010797196
-0.02543326626589472
0.26186048480352614
0.10153452880643149
0.018733461706971898
-0.20372360929465258
0.015861180798617404
0.019442131109500802
-0.11089340408418795
0.07731169829446964
0.04257346050122433
