0.06570866805975037
-0.13432539301589877
0.132518645887794
0.12777143021518406
-0.08528145380205045
0.12026894663544772
-0.05370674624703062
0.13675994777336117
-0.012794814915857766
0.05797630273181164
-0.11475391485765055
-0.26294758868850154
-0.008326429647780667
0.03606459126198925
-0.13711972413505571
0.040573514150929246
-0.1511347811171713
0.09663330253411762
-0.20402726590797618
-0.015624639372858235
-0.08846718077698434
0.0541156533595485
-0.11854704518705345
-0.02572089696382895
-0.09345364696478266
-0.0845630695525501
-0.041974542768386164
0.06359663124850988
0.014110309893906443
0.0350107008335472
0.1720471225070489
0.049165469949170315
0.15097424959747813
0.10589375601593848
0.04811835492892169
0.1413400507590537
0.11883271180866284
0.07899728082595203
-0.03728963926541622
0.05692622601759073
-0.12675486721965964
-0.16946575605225817
-0.0861823589262954
0.016794771239105586
-0.15251178226881246
0.18429470737721484
0.08737200664994534
0.022216590609579735
0.05948501766317713
0.03326042231847263
-0.1040803589030346
0.03648482458114428
-0.0585738455622426
-0.05736876412708023
0.08290975971812801
0.0046949522655357675
-0.1388388790869926
0.04727280014308871
-0.10606348249781515
-0.05967993324556678
0.015317563141020294
0.0386168290877687
-0.000611564645821263
-0.030168077681856854
-0.008120560873753024
-0.130664796877832
-0.004910508724727536
0.09173782964092092
-0.1836846724669884
-0.11121368431291614
-0.20913752028434573
-0.0346712606216455
