0.04702099871508526
-0.19684459755496292
-0.04743140077205857
0.10466300509999958
-0.003408445885928436
0.012532880955432908
-0.1887099919926792
-0.07680538895897498
-0.08446517422821814
-0.1787958980844285
0.11652663294778881
0.05137568161573326
0.03766615669104402
0.10517252994900138
0.014571465848800966
-0.1318432267822652
-0.1621879016290588
0.12329184245734665
0.02419325097859069
-0.021716671018785882
-0.042876009840101
0.03466047914380801
-0.11379398706241046
0.011319412173283564
0.09436953658978448
0.12531272890049086
-0.23041646053951645
-0.036212132928568785
-0.00838251677454751
0.02754664764993818
-0.05931836356097314
-0.07785532314003327
0.003877615154026911
0.052499582672596794
-0.13280362470821322
0.10659443852749256
-0.02520448493851567
-0.12874812619266793
0.06447528220986253
0.08903038646735517
-0.06208959640150213
0.07414852468448428
0.06280822749779207
0.025762079457009965
-0.1764531400726057
-0.004679968276270798
-0.00443049774989802
0.08190668941917771
-0.08773348680558465
0.1440719815203638
-0.06638243654282953
-0.09779119936212383
0.051900420481192616
-0.006837943970043828
-0.009170868120417607
-0.04053383291256279
-0.15528810715205144
0.0009054347627470415
-0.056961008889727105
0.08910722932015008
-0.05171150104083007
-0.018348251115956154
-0.057111114985282964
0.14149505201595747
0.13381989736908093
0.05653078793589944
-0.1645033337399362
0.2620821064914916
-0.2427483286001523
-0.010916730558024543
0.1586197853683569
-0.005529408074274496
