-0.08506161554382156
0.16036390892236174
0.029637234893758586
-0.16302947785177763
-0.07421976785484224
-0.04042455108128532
0.002395738392857158
-0.15395661851232506
-0.10284954552880628
0.15814523275390208
-0.2002796816571849
0.27735594643302214
0.20968857789025225
0.12377328554949098
0.030431256297969226
-0.11238643018577853
0.057894787719060335
0.07876356539284407
-0.009034774640201505
-0.07902969615554523
-0.17837540436902144
0.22030926071287787
0.15761683955327116
-0.024636632027286415
-0.008131470640970799
-0.061777626876589026
0.01576369330613342
-0.11105420000873131
-0.062429928593928805
0.03694522726214415
0.01090790305796481
0.1348381328196084
-0.07015561067584397
-0.19214784731817375
-0.09461686891512687
0.15456359247545098
-0.05336607043923214
0.06976395481137751
0.13555204206492705
0.23427074869314707
-0.082405195533384
0.08406925912163564
0.07440975272954989
-0.08792909182194719
-0.15638643519929515
0.16647821055161627
-0.19254622547253092
0.09728601524003419
-0.10421604260025458
-0.04754218019189803
-0.07766079126546784
0.02835737936727569
-0.03308116152406543
-0.11413634202658482
-0.08497648518914745
0.26070928127717796
0.16788393817126646
-0.0421590139005947
-0.06340771830966897
0.10204642831086591
-0.0295768889773735
-0.005416322901600809
-0.10019635276196386
-0.08036340727910417
-0.04814142149999602
-0.13759327103514707
0.052867829458640214
0.07640863077375046
-0.09165333927389871
0.15138781464907233
-0.07471258887251234
0.006097612117503284
