0.021384359855158346
0.04389099381290522
0.017751826894424862
-0.08357652034771713
0.04851436779533924
-0.0924407136388916
-0.006524299125744343
-0.1993261037411361
-0.10315813129380809
0.08483953110501667
-0.06558892252148599
0.10706205536804064
-0.007613364307625896
-0.05470039576074971
-0.06098083198312383
-0.06681151225802884
-0.15561291975188418
-0.13890081249579803
0.1233208883601463
0.144337304710258
-0.12150388104866412
-0.20004909981427038
0.027264975491676082
0.017743395300406205
-0.1666757484077703
0.08462299366099223
-0.17435813011452245
-0.1644843942466438
0.048956929670800495
0.059644078669013306
-0.04233253477462737
-0.0203910070398044
-0.012640085619347919
-0.06665458962961729
-0.0745704204290422
0.11230169789278176
-0.01584759816022062
0.04717145164272116
-0.03698181879277017
0.10598607996912573
-0.058734119574525394
0.08896360697988975
0.02797241400002544
-0.027737520571015858
-0.050583183343244686
0.13448046786995857
0.12057349999665767
-0.09211955797826692
-0.16008928451378787
0.09950249282274906
-0.14629846935531132
0.18050544738641724
-0.003616849959911379
-0.13489523461986694
0.17060462208801833
0.13762644965231416
-0.1138456389876841
-0.09163009014579401
0.10414794765059542
0.0680465731505807
-0.1275292950450184
-0.0388645881314061
0.05867840063531801
0.010911059776392366
0.057046231791959924
-0.030464038573483232
0.07340580060399299
0.09261736311576352
-0.10424819466464948
-0.0013033774510948634
-0.10244827514554918
0.23352474119593106
