-0.08342464106037159
0.024927929330437894
0.07789988820562233
0.16807645120208736
0.04462609458233911
0.052073939765279104
0.015229357848578613
0.09274201620957147
-0.023454544436604698
0.04342347517118647
-0.05416701277178618
0.08296965465884357
-0.0979322983357227
0.05377992708259983
-0.12278676782681827
-0.10704311593817466
0.23024287467689897
0.00016924702075267473
-0.19289406939850828
-0.10480656870103615
-0.10599068655729313
0.09935936319313829
-0.035240069288198894
0.04282679261051264
-0.06862461484675446
0.10691347392201489
0.020814853390848105
-0.05697194952522247
0.07534511403391284
0.11630652192474558
-0.15993875142477323
-0.23249499394262663
0.17999400379735334
0.08261273400244605
-0.055063578751395295
0.030102876041721936
-0.011336003341313523
-0.027948585018458677
0.061643249864298276
0.05409189802600216
-0.004307479256644372
-0.018260262364795193
-0.08510347239012424
0.11288695480994054
0.02013417934356323
0.20070101492559012
-0.002307914133510662
-0.0839204561451981
0.1282161417201777
0.27938010848976685
0.1622702444469026
0.1897894461588788
-0.1303357243324187
-0.04993732809786565
0.010066058330180504
-0.020037526800788394
0.004765786779563144
-0.10829164391780108
-0.14562934097368213
0.055677081475615675
-0.05075190707731782
-0.017821578453783946
-0.13433366856635362
-0.08826818749820403
0.07760269184255615
0.11721467512152486
-0.032859326308221797
0.03511336778905137
-0.03884390906329116
0.02671445912987632
-0.03568331773915651
-0.11138468030512418
