-0.06404766211767907
0.0847567404824866
0.03774421356301302
-0.0609562340079558
-0.07633089247665292
0.14746232303785517
-0.25050266560389034
0.13903027641449184
-0.1252509612159753
-0.012870690030166283
-0.039455277156736954
-0.10351428445009044
0.07560525151733963
-0.0012988074356393188
0.021280862045731198
-0.08809105751338396
0.13188535989121114
0.0076338774407016825
-0.062248104380831615
-0.020158574800277947
-0.18407575828159606
0.12496513543927237
-0.06894350027128844
0.0034205405229973274
-0.0873451807930378
0.09709889275447642
0.07253398181157061
0.13361492215184684
-0.00035235640692697894
0.06824620164246668
-0.04833944505271107
-0.31283395807450154
-0.024615924288094573
0.04027276161168932
-0.12455948015178792
0.08480578089827662
0.10827912456566341
0.06940889755167999
0.11885355731038244
0.05482386325827579
-0.040676759683843065
-0.02387293728455401
0.13704889423083202
0.02290852874910425
0.08946842106247418
0.21259992201338523
-0.14377054630133143
-0.08010975334773757
0.04818461970402072
0.04704014146531166
0.008236035878651208
-0.004848149569134656
-0.002788605994027072
-0.09109159234040827
0.012740803688755421
-0.04636156721963246
0.00840200717336987
0.05881991798620276
-0.04831673583903678
0.1392420821533253
0.04056169058751211
0.07397002040834548
-0.08595698248087993
-0.04351636196066497
-0.018369018588599545
0.08675589033924419
-0.16477977248446332
0.15175107372237698
-0.10185507088678869
0.09754954603989376
0.08807720014631071
0.08990262709130244
