0.022586599369709946
-0.0952291681030536
-0.12943683973925085
-0.0591330334186555
-0.059541869607965106
0.1286115766804921
0.16562955761513476
-0.024884005298919223
0.07063496936318005
-0.08091746072253206
-0.018660253739677893
-0.05815739797295763
-0.08419947436664452
-0.09792572909185134
-0.016457035091114205
0.02689575710081525
-0.026029985585828502
-0.00452764718627033
-0.0773199559842968
-0.0636942996458656
0.10819428590706234
-0.17838169286141325
0.03548278356680844
0.07913710280355889
-0.14240092790875955
0.024875875128491164
-0.1277491300627612
-0.054198440964580534
0.15733582320816344
0.05366773549884312
-0.06206036209685888
0.049977952580289746
-0.05441137741691005
0.1270673653367958
-0.11332310329404366
0.08976015786476176
-0.18942657332934046
0.16868733066648106
-0.08004256213647623
-0.044245660349786886
-0.09034991191879407
-0.14352271213996565
-0.035121011138048844
0.09786378171239543
-0.005852499660438076
-0.04263745522188982
-0.16392706974974852
-0.050164172839344615
0.028048060713069985
-0.21911448239814396
-0.03297105547669341
-0.06422282306472685
-0.1310321497951126
0.14055388904833796
0.15185342206650398
0.10993213252461256
0.11476227326936408
-0.12874234770978057
-0.06981347583401983
0.2864765634997415
0.06583790942816485
-0.05200846736641922
-0.12711012679914868
-0.006885152147679902
-0.17812020128245534
-0.03977253289713478
0.011700007455151283
-0.025634372087228526
-0.010686982048200143
-0.11837897725177589
0.36674133225866196
0.12379658336790736
