-0.16508922009915522
0.16852737454826516
-0.1036304375455409
-0.06375637057193574
0.14600474489041912
0.18283466925109207
-0.07966442301773982
-0.05852085120675765
-0.0800497573718363
-0.02819842838886688
-0.19320405971135782
0.05359630316114028
-0.02381093695488644
0.07582006139331818
0.05937256420421039
-0.09235598762758818
-0.05078604583765465
0.20378430545462178
-0.03635606244229822
-0.17174703870658914
-0.014048076880110323
-0.1311701347963196
0.06388037631363795
0.11762654139208693
-0.1332743867439284
0.05646319658154201
0.1871618581243072
-0.002312012344887093
0.06367715716014487
-0.09988284505318293
-0.06358019405825552
-0.015748215083291175
-0.025813222971837014
-0.022681996738926794
0.026105670173903917
0.012103293137527178
-0.1648536782182855
-0.04638472625923624
0.006409352509023733
0.04624488381065801
-0.1073995816854261
-0.07613141594386441
-0.14062966247145578
0.1762581479861596
0.06927020870260729
0.0691309062869611
-0.18243250180229975
0.0073412903630156335
-0.038685209497663936
0.01429737261628707
-0.0642876432987312
0.045168611122293895
-0.06959833897576805
0.005299374839732605
-0.018796301125869594
0.13817184030660845
0.06947724253820575
0.06690137189940541
-0.12755100064759192
0.18406601035458858
-0.13666219504273866
0.2084685007902568
-0.03396283804491986
0.06312801006999723
-0.17861456683996998
0.040906091552653526
-0.16747841592996587
-0.18238612059945022
-0.08683370411198937
-0.05166192876397535
0.07660003326544279
0.08832967651717144
