-0.05759996854780047
-0.07346101657820797
0.11405298920617014
-0.029364128282110595
-0.13014946012267176
-0.04141666797382601
-0.011314673801816975
0.06383053231082589
0.03233787186539544
0.10844300029598317
-0.03381374210213704
0.05066353999701988
0.0864897422692988
0.077530254563662
-0.00486528958314144
0.06849514515420177
-0.021942720247251593
0.16445107799188008
0.058487919113470475
0.12944304597086662
-0.04551232495321125
0.005857093127497848
-0.09105138286085128
0.00204945375381943
-0.07083889350575456
0.07906559278126696
0.003959277162505629
0.09192012508079142
0.04249726661417877
-0.01117274758664304
-0.13299704036094184
-0.12491288898357183
0.021834257999403014
0.024068550780942374
-0.055556889656137545
0.11162033858894829
-0.006170457140929581
-0.137426071749899
0.11135298516877978
0.0629238017339338
0.24076141851972252
0.07800013678134204
-0.10741701869488032
0.014253677570013166
0.05790911958951059
0.1563108146973461
-0.10555087097312073
-0.25898661883328056
0.1634025671548561
0.11120429106819481
0.10047578775603744
-0.029210774903912242
-0.026618297505104995
0.04671121472780546
-0.13424457150369187
-0.14738927830156007
-0.06393986223207462
-0.072962005240859
0.008926607668330946
0.14637798054027792
0.14408984252898605
0.08699338424493255
0.08341855910960912
-0.08233201499012706
0.006712106268681611
-0.14286111008763291
-0.112583671393604
-0.15178736621333283
-0.0346344622404399
-0.20133465585100477
0.02629834214006503
0.1248133092568888
