0.02692604647211437
-0.04739932523212487
-0.039913410582380744
-0.20924683876465539
0.06678639462203778
-0.14547893383819413
0.019688140899980305
0.047589660165104006
-0.03927437430314526
-0.04746529790986473
0.18798439828248367
-0.05943832528233169
-0.15904031502298857
0.07760848707169074
-0.053301696069739495
-0.15837042455651637
0.10153686368304482
0.09475153591260842
-0.10711463032248428
0.22574866286452044
-0.04038002655933161
0.1636097410423036
0.0351776541169732
0.01921016726742207
0.08105774878141539
0.09540774255727216
-0.0440859549609298
0.05680149928710195
-0.0494361167632958
0.07929584944965654
0.023051612085676763
0.09783491982392403
0.08738316766843068
0.039647021472597105
-0.09901037619381059
0.04648935092312201
-0.028317958051340117
-0.12266892701635734
0.0025534137934749204
0.139133064442172
-0.1054377363937956
-0.01490725920660978
-0.042818191983289594
-0.033898314460094205
-0.12484269496104689
0.16494224971757346
-0.13354560627267914
0.04299467031396817
0.04924719356974057
-0.09235536455481237
0.15554791387980832
-0.02391557960297798
0.034471524430094644
-0.04822888766811431
-0.14361891783538622
-0.040232766969246915
0.07035891487156155
-0.019234103506493815
0.12571173944876607
0.16510622895396587
-0.0027262723257716545
-0.00569740142478211
-0.07894974986011714
0.026451092511181412
-0.011754132124867964
-0.1309381745768472
-0.04071666567107562
0.04940243900088235
0.03391335761927887
0.07287599314857299
-0.06044997593528371
0.2787138129999336
