-0.07905700459670303
-0.05088168317750835
0.1907692741838501
0.04218023795744076
-0.0690878155828925
-0.01791801991721558
0.06123003040058879
-0.05052091728012341
-0.1443375902404114
-0.011998585067201563
-0.09576309692265748
-0.012946264557106523
0.0015868738468435353
-0.06698840997436731
-0.09296201617560079
0.10228299117691007
-0.11376218292755427
-0.015892096227410606
-0.08436256043096346
0.1569436416770498
0.05293725379091909
0.1368420097727599
-0.11798267876015045
0.0609014784707408
-0.2077283616935724
0.026980355799731872
-0.022047395211191735
-0.10031963693973744
-0.19587449418552905
0.07716756977389104
-0.15628385429122113
-0.08526843395244779
-0.26836897068240884
0.05534350093586546
0.15733518654526105
-0.023094066995643196
0.1218082272035918
0.15928696669670261
-0.08946797393876355
-0.02090874337637156
0.04274389210808125
0.03722520198811859
0.17380940339187087
0.06758532326050345
-0.020973462797499315
0.0639782554475801
-0.13595745052489597
-0.10314929270883799
-0.0993558497896381
0.015684808994226616
-0.04748824210082511
0.0077288230283847435
-0.1339476577933122
-0.030247259287024784
-0.14995592547256684
-0.028425704703073092
-0.1832926984389423
0.16601438149749653
0.2134175536596377
0.20879717658857608
0.15651454852275576
-0.0463727135679949
-0.18687428008447043
0.020355911308619627
-0.08714580938530708
-0.06327961302851423
0.013456665511182749
-0.12461269554585971
-0.022712879516009893
-0.13643824938819987
-0.04009966258778855
0.060033812757373246
