-0.034751736163192284
-0.03804283419839854
0.04143803058393104
0.09684394417438222
0.07050123196929307
0.2404673053623673
-0.09377105662058839
-0.022081030421274767
-0.061411780502081084
-0.2628755461632229
0.15818192151146948
-0.13851748439376574
-0.011340267091041658
-0.03987319651136866
0.04447601753345884
0.13139713050206558
-0.18720980352225441
0.04024247015565703
-0.04413278028262259
0.12227382708383548
0.007797923778837242
0.08606543969513022
-0.006808669708256542
-0.046396540269028834
-0.05328053630445043
0.14359638873047817
0.05535325078913326
0.05910873156016373
-0.07628982478607861
0.053268099297824445
-0.11063273938513425
-0.0836816440742214
0.1400104981482036
-0.17983136601649055
-0.07352921319335295
-0.01718618353468658
5.043000921732778e-05
0.08800041400227794
-0.027609691958444666
0.12334089977306731
0.04321171148238864
-0.03443440723367728
-0.18258685770964966
-0.14638028247429122
-0.011109774310950206
0.10688774244836236
-0.0036106224256986356
0.04670811194737955
-0.02066322589516574
0.004469919351449193
0.03701704595523937
0.005461123040118479
0.15228759990038337
0.06387112952637602
-0.08469576638147291
0.03718472310589279
-0.19377882235813687
0.0524232067538473
-0.21512224858913181
0.13232807399202948
0.05001512813834557
0.15294957227522718
0.020830628823088348
-0.26439473470650265
0.10890579469946307
-0.006663511243595717
-0.007993841793961565
0.00476001990961581
0.07562195410444779
-0.1767292190073865
0.05496736171447623
-0.028852252838811827
