-0.14136358627731058
-0.06800023477470167
-0.22336442652450128
0.10537094057771196
0.032020560438273726
0.008097813188511332
-0.031458374157459744
-0.010379018083583838
-0.1495238564341261
-0.0025081391910201254
-0.04475485482301359
0.03879582732265695
-0.027112176274208585
0.03215585081713939
0.02968742892511124
0.05891395828706189
0.12108230605301634
0.06975880292493984
-0.08400834516115895
0.18218164092524963
-0.004731013645173735
0.12806536721930156
-0.13027382939715657
0.08585728447517196
0.09636718475970184
0.16590796181868514
-0.07822644533894207
-0.0004458528012352154
0.023981810781236484
0.12124095551528441
0.01524681449447877
0.0923999786840611
0.018243384146787448
0.11500823118562986
0.07210920698495706
0.11708879858001549
0.22079025499409224
0.27999628908300095
-0.15485843499239732
0.04643849473539867
0.08614657645222068
0.05014776075970395
-0.004125890577602791
0.035498781082123704
0.02326624918419197
-0.010139439446830595
-0.024823907868730427
0.0871295970003511
-0.03534381939424066
0.098265203828787
0.0789412182441826
-0.05103558463544222
-0.07885827106595718
-0.12761994941309626
-0.06370801840913531
-0.0057524061628497665
0.0035950614517437363
0.11123506734603206
0.01647461322573354
0.055108209830813826
-0.10944433330463109
0.005553241593550727
0.13607147097389258
0.004500584172147307
0.09524515651150733
0.0361981326292244
0.19801027308308317
0.018349725608520672
-0.06513004539053337
-0.07612499050740676
0.17547134731973357
0.03761352445342549
