0.02142235756541963
0.0047161441381566305
-0.022841086097661317
0.028051310710598035
-0.061262294516806204
0.024452268326945525
0.061582040390335706
-0.15194868766310765
-0.23449027990863996
0.028870657056718593
0.03943237009841473
0.019616644521913792
-0.1190096283571875
0.028325609072808167
-0.021709398111946724
0.13552068433892106
-0.10616455580848877
-0.019657621688157902
-0.12933960763726432
-0.08677739011686679
0.07938528650841191
0.04313535385866301
0.12595734457971397
0.16267161775527025
-0.11796938219273778
0.16207055311710533
-0.07928374364735288
0.13144135771718754
0.0439582682381609
0.09249956067664208
0.03788723816874032
-0.1288108897992875
-0.010087489764151405
0.1029124067350248
-0.06838029017699858
-0.12199746556020384
-0.15439771672665165
0.009428456244537524
0.20040786528513116
0.042463019673565756
0.07210009184994863
0.08926394323633718
-0.1557054860345201
-0.06131745302451394
-0.0717061895471401
-0.051040640909379854
0.16026056103414882
-0.10480854495150907
-0.08006479702910813
0.050268244834996915
-0.003086960673044765
-0.10397502652591194
0.011804129771608579
-0.07224688674646416
-0.07778105118861234
-0.07732708610658849
-0.10013909747176597
0.22929300368916788
0.015003827581160527
0.08110272829822954
0.08400920172863925
0.03908882517273485
-0.09976910287516641
-0.0013947690939514375
0.03543558739371316
0.22444647718002955
0.1212871751450607
0.15242253438284906
-0.1867307895736345
-0.11527760831440291
0.09202881604955135
0.15647513140934738
