0.156416397542956
0.053058034689604454
-0.0539460533039868
-0.23542982065239162
-0.16925257539670602
0.022914895579119673
0.01010004082287299
0.069042608141615
-0.03070477964342577
0.1552530494369371
-0.10624153652541722
-0.16455189068519208
0.0008718383597745762
0.10151146699386636
0.06718719012403473
-0.040740637363210805
0.05568296175235367
0.061508277523088656
0.06612412806485836
0.13651052947676143
0.1250401197013962
-0.0032058836610042336
-0.09400141389592696
-0.023249979657231096
0.15675823517149454
0.02239900072387807
-0.12536365951158968
-0.11139260930585325
0.015895001052763088
0.1133528360436684
-0.21999231165967648
0.07172187049537963
0.014809567185341863
-0.1334936305266427
-0.07750258081339191
-0.0723405062654601
-0.05486772217388719
0.03625676814665175
0.10060277135762162
0.05334969236550653
-0.13415513557316736
0.11457005663789127
-0.21687261996647897
0.10518140482874734
0.13209960852649277
0.08242757256688094
-0.1450932493862271
-0.043073524063346115
-0.0201254776768776
-0.15911578171572116
-0.16365086232030157
0.05457047477309721
-0.040408865677143684
0.012122129747198163
-0.11581305516316542
-0.05958921623245126
0.039862536762426036
-0.040850150190077844
-0.13542569180737946
-0.007983136596429418
0.13655066054483375
-0.16201754497864684
-0.07551737628294186
0.002321479860269537
0.14816356805151892
-0.1517484243636918
-0.12868450641053517
-0.03185293442402707
-0.034186808738797515
-0.050491345316207574
-0.07651377645548539
0.1338663869666725
