-0.0447224537835134
-0.0814866171747873
0.040212436074726486
0.03705066514663416
0.23392162544826087
-0.11526242279574106
-0.24553322658596788
-0.0989156177411454
-0.1317106474782333
0.06447608950591854
-0.045436250432318574
-0.07145052211263513
-0.0088559634832888
-0.032774080289807155
-0.08623664679138318
0.04308005170993229
0.08045885929446445
0.016346369004115652
0.020618820127609426
0.1251421224197658
-0.17950175103875354
0.13534367060258498
-0.025788637771369555
-0.10881131800727126
-0.13282893160577203
-0.05599607884526977
0.15983842329792042
0.23595004205804868
-0.10847989751811891
0.15689227044690152
0.08054043496810458
-0.04179619822060139
-0.03245905524571087
0.015781332254217108
-0.14810098830185778
-0.01178104588922941
-0.20968243349309884
-0.016251352923435235
-0.07477122362323005
-0.009201034889028917
-0.18694360377251656
-0.026523602874900423
-0.11731562053508991
-0.1266857131609677
0.03867839576202895
0.13690182676482981
-0.01833115666429143
-0.060307586809948105
-0.1397349829555518
-0.06612343392194128
0.14779593840632918
-0.02585975221840015
0.1810468259886876
-0.01752290806848625
-0.1111009798327265
0.059360815588262776
-0.09316845653133429
-0.07308258918283504
-0.08225168060149612
-0.02091098141198087
-0.027802850462367728
-0.06056917960935391
-0.031017422832279935
-0.038072545002779866
-0.15392387489847786
0.020028578642385123
0.13856105871145716
-0.027623026833240027
0.03725002633092864
-0.24664140698960446
0.0811362902313994
0.09609511010010162
