0.09226758833785086
-0.0024500540050999245
0.05299397143163253
0.030288030564295222
0.1718796202499697
-0.15150053220212428
0.03748218687627091
0.09658602173619703
-0.0304780102831639
0.1440343208529353
-0.08016485280917894
0.15113681815167082
0.06985273420550679
-0.09339964545086016
-0.13080793156278978
-0.04217572758666874
0.04331621601691679
0.110624200385468
0.06979392943042949
-0.03302877286996442
0.10891117304334902
0.05423812502033353
-0.1940908509796987
0.16114539606516745
-0.12848478910805902
0.04338573475234815
0.10226990096344582
0.08275089484230667
0.034109422124078095
0.11854386935219229
0.024784453514515532
0.17063181513872558
-0.16274100870427097
-0.16504147982380146
-0.10340033757809969
-0.08633376074750727
0.04868672544422359
0.20355871517963872
0.02493571671159825
0.17378606180344422
0.10558584610431648
0.014043907008795467
0.09213323591435615
0.17344642051799783
0.055194009180122516
0.058101107327964974
0.03571757576021126
0.0500504686131544
-0.27278961796634144
0.0644258194850571
0.12358869236129
0.057893738681749685
0.016821208701508522
-0.019077254952042443
-0.03730487354855327
0.06532660700348052
0.05296548357285933
-0.010026431344407144
-0.09812810440825238
-0.02648002784067471
0.07444428841748947
-0.07127461153318936
-0.04259744292630351
0.09168237070024694
0.022036235454733526
0.18302021701598015
-0.0998847766098439
-0.025756611598739727
0.07464472486880151
-0.01961007426120301
-0.14908983051120972
0.08827104264843505
