-0.06186251531616829
0.0919165513672118
-0.10056677878955592
0.06614108775570147
0.06144696608660258
-0.12126394335518403
-0.01236832479517875
0.10185248899315313
0.002806359723657359
-0.07543014081231167
-0.011252697933128655
0.056692823776914675
0.06930254755742447
-0.0019952989560733415
-0.06123038243606482
-0.003668332569317409
-0.050130457701555636
-0.019219038251792053
-0.08908364702107546
0.10152053299158317
0.0779274032167489
0.08161735355691899
0.013211676774496143
0.08319215108838442
0.08215010529821468
0.15057835432825056
-0.05307211621292199
-0.10726801043437491
-0.12661951637651742
0.16495749674553656
-0.12496610526783869
-0.2710518027179363
-0.03141495922421025
-0.1182669083128791
0.018295873315989874
-0.014589030898412986
0.0823187755132618
0.005838302224566574
-0.07259327282452362
0.08370263047131467
0.10313800754464608
0.11099437045681544
0.037151683899494956
0.13024870137186315
-0.07901831712480256
-0.14438940077277793
0.06912939394930546
-0.025913002206806486
-0.09780601482769671
-0.09071768951143479
-0.025433845982561872
0.03441131764665233
-0.19550272856459744
-0.03831751993419588
-0.03985606287866377
0.06989937476159896
0.007876361657733831
-0.1847970714018579
0.08315089971517878
-0.03716505011465429
-0.02640105560397893
0.11683787288260071
-0.1487974546405474
-0.05004217122265275
0.05930051399092702
0.011099369431367807
-0.11749205725892409
-0.05915239628863698
-0.05824639165412337
0.032475476005638874
-0.02485717699970117
0.12846792263147708
