-0.030765044511640777
-0.010721792765380432
0.00879276820249661
0.039522634332676894
0.08133193438196
-0.011933058687978223
-0.08299789641949445
0.169272857122036
-0.055090959222695406
-0.16935461109458239
0.0011705933859145765
-0.05679052804033248
-0.0068532952463324
0.15797049688418208
0.01160745762912567
0.1431541715825234
0.02571705642696416
0.01581644069560102
0.025788513695786264
-0.065506044041716
-0.018510752028378583
0.023589609506875348
-0.0008133431370666241
0.08579990261932596
0.04417321580988281
0.15028069162463442
-0.01318792986094977
-0.13244134829009377
-0.050739728508973986
-0.03665515923270801
-0.09378115578600615
-0.19358566952865366
0.030525340351851567
-0.014059964140645293
-0.0687597680027443
0.036558016061249914
-0.115986059626334
0.038374704335496154
-0.026472597609941792
0.24690377635991104
-0.019829695499241944
0.00662688457148147
-0.23489167367949962
0.01934742563947524
0.1072455666344837
0.010137796783841677
0.010492510831344249
0.11440723628298131
0.12186797156152492
-0.18031106874432412
-0.13441266662267745
-0.17834485179558976
0.04709985361477737
-0.07254933713530322
-0.11871090159118708
0.12192866400348068
-0.1333142497073056
0.21646185220361464
-0.10083091960370655
0.10972710825232401
0.05405011607701482
-0.1554357385927532
-0.008331112413766382
-0.017842852439066175
-0.014593178468652475
-0.14408729890866587
0.03763832977399952
-0.04873740370135368
-0.03953533948693623
0.03499550406477376
0.016859203889388368
0.2658422734917255
