-0.0065315160233166275
0.0818540996474343
-0.13346318928614193
0.12395648120947722
0.029936076279707347
-0.14110388331475715
-0.0025198498929524527
-0.23540949862961683
-0.023102272523704434
0.008419028093539366
-0.2600192256697544
0.09308607170140028
0.06806816058539816
0.05983000287757693
0.2587778073839894
-0.007374722559035738
0.05686929110890648
0.27810685910013894
0.01911850298003344
0.11770925859442566
-0.0005688411790098005
0.0882317235410876
-0.028080156305227814
-0.11141842842283001
-0.030711018167561464
0.003589927795660308
-0.0961895035243943
-0.026809017230202882
-0.04507538229268161
0.26714036222111964
-0.11903899954287502
-0.07042006908443418
0.03971798604844874
0.09950215968769958
0.08197947328743928
-0.1092508447775927
-0.015497637584605338
-0.1376069766053262
0.008019915767480422
0.0014146424451325357
0.07924866476517228
0.08907507599790344
-0.11852966938585627
0.060028658179464595
-0.04094723781526423
0.25583061710523086
0.09048436885792979
0.10764878333269909
-0.09132441164311078
0.06274723503775104
-0.09124755262845571
0.022250124437435452
-0.12392665557933519
-0.07758643821193689
0.015474281364713904
0.10809054026932782
-0.09365601562283783
0.05349689757657862
-0.1872643813459327
0.0704734804105683
0.11907424763159388
-0.15755404353158026
0.010730881283831682
0.04627984476509364
0.008881187742879278
-0.06550888646173042
-0.28644627333520395
0.05561526241755984
-0.11655996847648147
0.08808199149860615
0.043150228690928494
-0.06307166508013808
