-0.05976222933974647
0.05588057434556281
-0.058909952235666446
-0.17709136605606968
0.11102500644128253
0.15030973294028027
0.03933952441393332
-0.06066894661872432
-0.09085087819050884
0.060666795974744336
0.040333324024463546
-0.1978711114426939
-0.022919664906289917
0.0431216169041614
0.03715183532359564
0.011121931873186337
-0.36649883365744
-0.17829128634444658
-0.14672770103631014
0.11134733779959777
-0.0706828899935115
0.0003029489559654829
-0.04539770882719134
0.09456607255276067
-0.1272800049665465
-0.13607625804097068
-0.026509452232739452
0.13531548300787502
-0.09483569302266194
0.07553986200575835
-0.026538460512532426
0.18975598515865613
-0.0754949688537358
-0.06185474472795998
-0.17207658003857584
-0.06758626146281481
-0.11571504601180614
0.07864138982131103
0.013982513424787492
-0.055828792382358584
0.03417921109984532
0.06771520164443981
-0.1676548732568881
0.14425802050365588
-0.04095731818349442
-0.09284428199205419
0.004120552937732581
0.04452255538431768
-0.07323255009431978
0.07965887249714101
0.10633325135257383
0.07707937443171348
-0.02267592650301136
0.07138873409178491
0.10484107105866391
0.12596614861000985
0.09587351470548461
-0.01161030038904126
-0.1647378074319328
0.18064436973884485
-0.11308918375702373
-0.02325421774089025
-0.12795570036254986
0.036354130671976806
-0.03577615705018341
-0.02263791452997295
-0.0898247214838207
0.029918201474886816
-0.10934330805686723
-0.14315435951749914
-0.16002585725095672
0.09614744112618132
