0.10679130883951536
0.10980112848134216
-0.03857230341701061
0.10917627742022931
0.2069163219889501
0.0423831541286553
-0.26397226942865387
0.09746523931061511
-0.14555303427366154
0.07682134264136442
-0.041376210472524586
-0.10879613652579972
0.0947827949410529
0.0581961586293709
0.04343514415751658
0.02129852427340059
0.0028883571811036558
0.027528914359023434
-0.12660252557384002
-0.16618464121572585
-0.03124898684468487
-0.009426136054957734
-0.06387548215665133
-0.05623048708823485
0.09233108525223875
-0.1379446178719573
-0.20417241802990935
0.012850344468100863
0.15268114757503226
0.12018725725734228
-0.07586019241500473
-0.01659873802631222
0.19222300872572912
0.04845255260020212
-0.025823669958952397
-0.16353809026691526
-0.05992415059735145
0.04059414669874493
0.007263184528896498
0.1826565645047361
0.11890764946238952
0.18186101866308751
-0.07585171907309979
0.012888457386482383
0.013033163046490381
0.06602677669397693
-0.04753421079041046
0.12851121661339523
-0.1433873690133942
0.029625130794946816
0.045764120901032095
-0.18126964501574694
0.09832008291560895
0.06529029257929464
-0.022667838000058043
0.1615839326916168
-0.13623358434185137
0.08792335953302399
-0.04272130226266205
0.03994817095894039
-0.12302817551652663
0.11991097561243953
-0.07363428540923438
0.08367828850618082
-0.09746032086916104
0.11010557039945033
-0.05859661799924834
0.10683631939027383
-0.014310029217546864
-0.13986007720281052
0.03218614805371496
-0.05146576219001178
