-0.022276818146287267
-0.009881716356056709
0.08515022007821269
-0.02429140692627432
0.040200038642195346
-0.039147632344823304
0.002463669424692151
0.03479200110621121
0.06302793216180314
-0.10073870082939694
-0.01271365362832743
-0.009952496815828828
-0.01061408335427666
0.06195672314287326
-0.024779642641683964
-0.09160204614574002
0.00351286665995775
0.10926339723752765
0.024924432314759257
0.041749124005588056
-0.044283287395201106
-0.10496209835004161
0.14278071072470117
-0.025908174240061418
-0.11065808335290145
0.002489589136519886
-0.06722668727141645
-0.21617989630040527
-0.026653765477278064
0.028746774649852938
-0.023975915355976582
0.02779302900670698
0.01019827544579064
0.10651923822979999
0.04331919131684355
-0.03321209980465292
-0.02443371537479949
0.30922125083966495
-0.09536555015969844
-0.02627726727635279
-0.12985335280643281
0.12754270029139914
-0.1306202587870992
-0.09811335878066467
-0.07202727165927524
-0.06844802476908202
0.023311846549439394
0.008237965642478352
-0.19692153532733017
0.10005058232121733
0.09742159997411698
-0.06353195390123365
-0.08674798450709782
0.0037142275149753276
-0.06014775196357877
-0.0014046565458332725
-0.077753809180278
-0.004835818970852647
-0.1197184587947692
-0.036866069842386016
0.0751041841446655
0.1693908357064345
-0.057835657369671625
-0.11431717814114417
-0.1539313899220685
0.10215477780086901
-0.12641099550613094
0.23170851585305768
-0.12052427133678534
-0.15835769422924112
0.15333758472989958
-0.02132311830521625
