-0.11840975160524395
0.11133250836880071
0.08301649796330246
-0.21751761471143186
-0.07788697279742604
0.19162785490246786
-0.08289431874681669
0.014112888349646916
0.15588941130757084
-0.16800369586575248
0.0075312176259240155
0.15760121921674475
-0.07635420725647835
0.006764341916561562
-0.07923930646697255
0.024259249027648488
0.03397939697716511
0.13354212430464518
-0.009232022772116063
0.16936628573886944
-0.017069647172667027
-0.010413782952336479
-0.038109544605167536
-0.01159796907079519
-0.014513564776842161
0.17303508091476383
-0.0014964982854734452
-0.0907413178822363
-0.1847605204234043
0.06919452641783568
0.015570914277228702
-0.21869389792536437
-0.14194020897962162
-0.024566128549383243
-0.07404755841560652
-0.051495692454332546
0.05092187966722879
-0.09773554429803893
-0.00669632254878311
-0.040155484699590294
-0.022122523378217046
-0.07396648695954432
-0.10713798684259779
0.0530910305164361
-0.06952308182438205
0.07703866399149112
-0.1507368770303468
0.002432455743079065
-0.16865713612600539
-0.043421548332845616
-0.11025799733079529
0.04106201038401053
0.07455962411895836
-0.162030031064611
-0.01858994873638709
-0.01688100186014443
-0.1392519187892529
-0.01876413291530968
-0.050052537705767966
0.01001894995628068
-0.18409567448658273
0.19623247160732155
-0.019618132076339685
0.07178916397315298
-0.06069026528065291
0.2631334645460237
-0.04500062128209123
0.03591241837884977
-0.12824506583632864
-0.05017911009591824
0.21134790843008183
-0.07542420318365042
