0.11714097430325328
0.06785323827877618
-0.09142212761228008
-0.024984755849561127
-0.11928279352185905
-0.024739935020985964
0.2168199514014355
-0.06895605724470641
-0.1446710800127176
0.003989775216787342
0.03249947865804084
-0.04065578820789409
-0.03703856939029268
-0.02997578861519746
0.14580970318871853
-0.01787826632668606
0.0011300863296626786
0.01110521271071674
0.0006571126208553559
0.08620750375568377
0.08202859984567394
0.12574471638066684
-0.028150652813027827
-0.05566409426960983
0.13727845562712981
0.06592610519408147
-0.022878493205994308
0.12505699005988344
-0.1237752886319724
0.0009430711858917171
0.08428585682247196
-0.13287834203312102
0.1380644900565647
-0.12837364732191164
-0.16255664295411276
-0.10537322487803454
-0.1175536277239015
-0.05996554757165501
-0.07584815715227572
-0.07748039145250643
-0.043457262328661844
-0.12186376069783517
-0.18308436873197578
0.029891903273072437
-0.12620329706115227
0.12659553936549273
0.10754525870288839
-0.14010488378254826
-0.024226223355881496
0.028642506906532524
0.013378392434800017
0.12689549100743788
-0.15100741306261264
0.006156684337254713
-0.14722180313340497
-0.06878478606784587
-0.07309769692390636
0.019393844297725546
-0.02451838751705221
0.07840917566991733
-0.0902260783154509
-0.038544518445263576
0.0912170545028336
-0.0074863964390234
0.035862299548508246
-0.13411303766720353
0.10608463298692346
-0.21960841110810356
-0.11518351730214858
-0.03646151818872214
0.18279064892202235
-0.07253632671064585
