0.0545413189708606
0.037333095927593866
0.09118205783094757
-0.14153344703016638
0.014839225505211016
0.09779408792238535
-0.06959909456457812
0.2091176590578138
-0.14120863977887524
0.10664378310889194
-0.04393498940428803
-0.2392279518739117
-0.01567117854164292
0.05469968763579868
0.16471720318849184
0.09777899229274206
0.029067990968872845
-0.0033123585655913538
0.05647278153414792
-0.14426030626046496
0.00153364371269504
0.04107791451125525
-0.2313014296195247
-0.10598247708896452
0.13631520712935546
0.32463762658876805
-0.10635364923844992
0.052049133505583794
0.1541934842997626
0.12200743458234778
0.07468005846804136
0.0682028226510427
-0.011480347813504016
-0.005416867743251804
0.12674216270230126
-0.1902229385886322
0.0028577883362929137
0.0744174104239812
-0.07244506408253115
-0.11645002905648241
-0.14189452921782794
0.17987417880411768
-0.0062131397416731295
-0.05086380791524166
-0.13803185011546867
-0.04803851063071377
-0.04557935722318546
0.03849870148789469
-0.010485065400348492
0.12224486360736249
-0.12881220013802297
0.013237090591259493
0.024233065083513382
0.02367153667133264
-0.2452718779817309
0.11490329236876567
-0.1669527104156785
-0.15870940977721829
0.14226560942787073
0.1573083111531664
-0.006382836517322105
0.08402105993138788
0.0075301379156128626
0.0674526390962843
-0.06217010928458602
-0.09310451663841626
0.058132810893213
0.009153261748670474
-0.0011998468635837508
0.1062187408134747
0.09436058476661907
0.04400781282625976
