-0.01314128116389381
0.00409261989824252
-0.21823145368668426
0.17865343982662296
-0.01325993852868595
0.07110795365646386
-0.06712570967017287
-0.02289081554226101
-0.18866265504298418
0.12008982649263117
0.17671957760548226
0.05332942494869689
-0.04880511094867716
-0.10439489543678322
-0.04668117112599382
-0.11228617731763296
0.025001997257659194
-0.11324918452894506
0.03936495049224794
0.009985245005188723
0.03013023395128351
0.12087043399775498
-0.0021997805568492556
0.10353161886200646
0.08303941168323323
0.051553187831664085
0.01956623521504619
-0.02548430818099849
-0.019895807148015525
-0.03920964895093166
-0.020361707159856732
0.010530943608009935
0.09006971441740846
-0.06819337274042983
-0.20861879496725197
0.09015204018090762
-0.11908007261507514
0.003001935557006134
0.01586077328892199
0.08306397155833524
0.12160639695287681
0.041174485099506414
-0.21046093188781395
-0.13504836968036535
-0.11778075851780004
0.02697011979616977
0.11856064617945257
-0.17875594382071067
0.011098007877258982
0.08218131476918239
-0.08111020496439028
-0.005314246647616598
0.14857028931451793
-0.045869226051166646
-0.054608949970826874
-0.098238351009941
-0.13177873191517814
0.15361258057454505
-0.1027206064563649
0.00754549110399121
0.08438715418465143
-0.141490701311157
-0.16732589686245702
-0.007793732654458024
0.1679312102320933
0.10123772427093816
0.07577865303826414
-0.11565088801586483
0.026008027421150954
0.040113048705760025
0.055170491704621974
0.09691059505055102
