0.030837972982513392
-0.06921629425490435
-0.1512025183277578
-0.003300275420367688
0.03085857036338771
0.11630579134411326
0.08380610982099584
-0.022512424720162655
0.05773329224193955
0.24102198606543396
-0.05649461469269851
-0.006884058844564934
0.04017305008706177
0.2003181670080669
-0.09908319887766447
-0.08709735993151045
-0.005812933804165546
0.08522040641847592
-0.1015493313893765
0.11580139003521966
-0.04960729880602357
-0.04990499781077087
-0.14367277811754198
0.08181410668559734
0.016830157324008003
-0.09008368046680611
0.0724549068288829
-0.08910912609184066
-0.025309466194005516
0.008647364827928751
0.10151309518757408
0.0897000101298989
-0.0279542493973543
-0.038271013859134374
-0.037051588467008276
0.03579422043766167
-0.04324094235651435
-0.08250837936235576
-0.010801202847277204
0.08435408678893076
-0.06586283271773745
-0.25415943836146637
-0.08568256385047608
0.07059901716636963
0.05789492470845375
-0.024090190616265706
-0.1913220732636869
0.053173077538873396
-0.12105575331059155
-0.1996238913485202
-0.020138996120586727
-0.0034157672786442037
-0.06877252507587472
-0.11151232823305322
-0.19071603118043767
0.14328114241567516
0.0019381882931591079
-0.062370048424220205
0.013207008402807092
0.058607730531930614
-0.054781339478544536
0.11956871426320777
-0.07021162480280309
-0.048190109934684894
0.04463196172785122
0.0926854939510128
-0.12127752583354644
-0.09729628446260609
0.038858028839401225
-0.09117341891937834
-0.18018256275000194
0.015911527505739258
