0.06451466325106657
0.0209651752671605
0.09214852801557455
0.024286581339888882
-0.05700918022422228
0.036084827291159645
0.042791496083361726
-0.18616706431632035
-0.12136370066287633
0.014275287287705144
-0.08998290242618562
-0.015126370549315314
-0.049491923408865324
-0.04141200182974054
-0.0890144885283157
0.005656832956120452
-0.00206532772692723
0.03462834286148769
0.13522430665196158
-0.014643267121868163
0.07512266859360511
-0.02045063015153924
0.016793928732773907
0.0019510635867196532
-0.11101420204518345
-0.012783368306406957
0.030547362220693236
-0.08551998173111858
0.14692812815097614
0.1007019375122298
0.1791372815109551
0.0981581451219699
0.03930868561495168
-0.11492443232840927
0.15495653016044075
-0.06488492442200693
0.12004691276790157
-0.11498583681809393
-0.07098441004580845
-0.11312772104002583
0.09664203958954538
0.0447543763531901
-0.03753251158788862
0.16610492567117685
-0.062459107365001834
-0.04921698514219107
-0.010195439281170442
-0.03921008877925132
-0.01996383962524652
0.014615676395839964
0.14303169737281526
0.12293252643024999
0.017490339020334263
0.03591620562550528
-0.03761171302388961
0.1769384928596499
0.030475464788704932
-0.1169376096366021
-0.148445672376891
0.2038249693240621
-0.08483100426319341
-0.025181076208820437
-0.1574292263459123
0.24049972723739904
0.06625735898012755
-0.08846308981857084
0.014166510895923657
0.11197973313573258
-0.034695388593657166
-0.19960358778370832
0.04526108209185209
0.19372796783403404
