-0.18079858175463556
0.07391439393951227
0.23342346081811338
0.15264829887660428
-0.09841079249671307
0.06589703751289874
-0.021224087097379017
0.09428537606585045
0.17056822835095017
-0.028023592526165802
0.021588645226846642
0.06920565789022282
-0.13111851467274466
0.0635011153513906
0.010098333882275358
0.20778407988785047
-0.03103483787845055
0.19832320506967954
0.10510194394238291
-0.13048048320162894
-0.1376006252645112
0.070423766086204
-0.08587863421947531
-0.03719369193184094
-0.020347617323498365
0.07187807491742304
0.1349604075658845
0.032676195422753296
-0.03058104464238355
0.08989473642845144
-0.011538728388820842
0.09956407720518001
0.1003617441303532
0.2444293648924272
0.04883496603374688
0.12389468692213368
-0.10253233229525825
0.3520665186823745
-0.11988249518233729
0.16058703882558698
-0.07686378686922124
0.19348668492483914
-0.14746778201284894
0.12261014887304515
-0.03530001420232804
-0.06682425733406734
-0.027476262430904466
0.01994804839848931
0.09272765511155612
-0.010089459839331912
0.011862881921436662
0.07918073381489345
-0.07488710211465933
0.14974791753210168
-0.0690138554707706
0.10503707641011001
-0.04101970891745734
0.08489407081117645
-0.014326288073145458
0.11400654580348304
0.13978610216272874
-0.12283256066064747
-0.006835284998607916
0.01817897724364768
-0.19186038597366456
-0.03864952540181668
-0.03709680002449943
-0.12642511205815873
-0.06569298819681463
0.0884449883957597
0.08096000985556943
0.005222084040091918
