0.09613301339205615
0.0866273972345311
-0.09472490905503907
0.03995439824858475
-0.10034587327756786
0.14971665715758106
0.03993582004829573
0.1801782184245556
-0.04127152718199817
-0.044985464875563916
-0.020865996254362876
-0.19998362418939328
0.060581169696777015
0.23486709691878183
-0.05997407585079334
-0.028991165872532018
0.04805028395387132
-0.03943152375843751
0.08261957877370668
0.10834571855921755
-0.11120617601852396
-0.15938948010172727
0.06342944935650234
-0.08270241815651834
-0.048443115454953264
-0.16003403221548707
-0.05053340717049331
-0.17376842293012912
-0.059260513743371435
0.14819082234897304
-0.0677235308963964
0.000915598312710224
0.10911135961538365
-0.035689422484992094
0.13004612159656012
0.14615929910238223
-0.019532713455323897
0.05164751379715132
0.008697297059312442
0.10630523925851065
0.038721154695970685
-0.05353378353050651
-0.04227506054980474
0.17965806529245407
-0.04902643390408981
-0.042226975988398606
-0.016785094839428267
-0.026675063050553616
-0.12472450658865497
0.13539763292554283
0.03458955928045989
0.1310136303117961
0.10317417913494498
-0.2547647431739343
0.03544796592855176
0.21503859707556294
-0.142240445078585
0.08791174324878259
0.021743801739245085
0.13354717093928745
-0.013552222589510086
-0.0348808169249536
-0.0952915891942201
0.07897161981991627
0.00010890774845277033
0.010570845531799024
0.11916658465712976
-0.050983209639087715
0.12531945220233512
0.09320876978340713
0.05491729491419392
-0.0348350948296964
