-0.022100254989479318
-0.14979791718037577
0.09379825745136355
-0.06368339300735729
0.02810351735449476
-0.012975995077612632
0.027681088434327
0.028525048901122226
0.03978000870765164
-0.07573280367803323
0.006128743768601435
0.06810600182689318
0.06713628196583594
0.04438174871092149
-0.0006123340343057766
0.06967102276594839
0.14849903186966715
0.024508351839225506
0.25727627494142075
-0.09110163495713507
-0.01851038492314866
0.009536357372238735
-0.0716297213027353
0.0303644948701997
-0.017847797641386675
0.13487961261103232
-0.20391505446882152
0.16763749842094355
-0.12248399000490069
0.1714062304042416
0.006012971603081165
-0.06434744188746852
-0.02267246829065598
0.06118394849156383
0.015271295444953877
0.035850839043314264
-0.010808780857092859
-0.030521172079020942
0.0003383495088307113
0.008682876326013467
-0.012739658675011672
0.03306955188525846
-0.06631579142889733
0.03536757213059773
-0.21951639095823847
-0.08989728603014628
0.04036010316788228
-0.01570558625497213
-0.04691600617997491
-0.023658392931108378
-0.05884113156601008
-0.041211690465626186
0.02768246026827455
0.16111646867226037
-0.151367877414794
0.05028913263760476
0.005910951815793718
-0.15630637978078343
0.05740489672400019
-0.06589599713246429
-0.037854395985998594
-0.01404731583444335
-0.06306020253751357
0.19647269080533783
-0.06094526813198286
0.1552329184072113
0.01030446370164491
0.059088594399662187
-0.0762656360087306
-0.024046619926927856
-0.04671497971698702
0.11851689285502465
