0.09123246065088593
-0.012384579685871897
-0.06704452708613577
0.11525912588373131
0.0613802583278838
-0.05169377911405726
-0.1061940973470119
-0.089510675196392
0.11998778042922305
-0.04988715987201572
0.04439789801659331
0.010159263368809754
0.07989409976161312
0.10841997300943491
-0.03907756805607005
0.2221597809464782
-0.04827145831188552
-0.00809970026248851
0.003836514899940756
0.0655542395254903
0.07405886114008592
-0.19763062341131385
-0.011880870571911365
0.02079643395175742
-0.07779658237877757
0.1303150712420621
0.04252152528763711
0.033390401647025385
0.070224094361637
0.23956776897363402
0.0478548311557028
-0.08838458625542367
-0.07386200384115228
-0.06686818748105157
0.0067538628044162595
0.21738820152365826
-0.14004005784421797
0.16633248448634275
-0.0335677391428815
-0.21633580774748784
-0.1478131327457235
0.10105048005932932
-0.2567907880455053
-0.034911662668691494
0.005513858832319849
0.19289296078327822
-0.05734392736915203
0.037530937013466145
-0.004022080616620718
-0.10440282081087558
-0.04257552512677151
0.20367440359471412
-0.027930977336162083
0.06208692767787902
0.08431247762426353
0.08217674231531667
-0.14737525720391448
-0.057988525339764244
0.03748450822127879
0.07976346892522654
0.27392408789147044
0.09855210869089803
-0.1470270006809515
0.08895939008701753
0.08568566242167919
0.1709156385116652
0.03760237188666182
0.13407292961572817
0.03094637965197143
0.11440192138970572
-0.12697857156371334
0.003672564696154838
