0.08708351238286358
-0.006373879064098781
-0.11593332166476611
0.061914065768649086
0.1425046172949229
-0.009201528792495334
0.006588610416774179
-0.10267670204697125
0.010642206906484028
0.0616880399873761
-0.06423299453912172
-0.14663744133274728
0.1197115917300611
-0.009000374914616527
0.02845326986903562
-0.12998857516738885
-0.02642126232722236
-0.05587392415362648
-0.019476769037981054
0.19260563857294513
-0.04489423547243188
0.3517741167625485
-0.17039664930010645
0.17964456084041974
-0.049963897172943854
0.02772894404520292
-0.1472164956564459
0.14336799339019965
-0.01774498964415208
0.1782489496616065
-0.12809431489896309
0.0006618251339741976
0.1875230647692664
0.1451458780422699
-0.27437872931174195
0.10938029088351306
-0.08676769482558962
0.08850115559373994
0.23846253031640535
-0.04287503723496575
-0.04559075920577367
-0.023815954861712906
-0.0867165789593731
0.17678555821313086
-0.18364869836694403
-0.06910346009907882
-0.1793516090546265
-0.09574988412826331
0.005211073061294959
-0.03667168652467888
-0.0019748348793616893
0.04860579928618261
0.05005548418043945
-0.11057007491868406
0.028994153868627907
0.12403254263299143
-0.16318967807272844
0.07850997086670844
-0.00490336429043358
0.055753483596976294
-0.09947657501195073
-0.14287675476405934
-0.12168932338897706
0.07099809275053583
0.00959651324476539
-0.12096120144669022
-0.0008435957608199061
0.02691262155505606
0.0019429187916251839
-0.0756729671930339
-0.013182406118786252
0.1494898288008799
