-0.035128676456177926
0.23925584673903288
0.07635923414631203
-0.02895940525151062
-0.15634337323301137
0.028752405563572687
0.13095598251583196
0.011701187167733695
0.08709715012408292
0.04953228937810027
-0.01694862392445245
0.07413918862220943
-0.010585523820325815
0.11885712462335868
-0.06383115942360017
0.059749785974242464
0.13796443167929578
0.026386199305831456
0.047056888788594244
-0.08351577816824343
-0.102053687133281
0.02786540185765702
-0.19088484201848024
0.19486296520793506
-0.03323834482879006
0.07712138646320557
-0.05457762385138945
0.1983040575475356
-0.1519173155185508
-0.007225336771206237
-0.14579733709217924
0.11549944008069311
-0.047618312935620875
-0.10359197722790353
0.027508745787980165
-0.0021543136148274022
-0.0346365916992543
-0.10132786591046387
0.0923573855315183
-0.01750320082985327
-0.1264655944116836
0.0758031869562436
0.07340940717728386
-0.059588683692932375
0.06447281047504885
0.02069274324614571
-0.007296771674667943
-0.11791058598429881
-0.08312901051375836
0.04553504798706488
-0.23243520497059375
0.18011935226382564
-0.017055354589589292
0.058386659933936325
0.10759503052042826
0.12117988661991379
0.07382749411878015
-0.019087170908947737
0.04272283828652824
0.1994261589724081
0.049862053298070044
0.06666528762338031
0.04755739107188919
0.028705067371822858
0.056433519736439286
-0.04055811886000197
0.0035472745689423893
-0.0193618463898343
-0.10191135408887825
-0.08299598104562969
-0.11755289383088768
0.13711841354587598
