0.17016944608558973
0.028259500654949768
0.03295080770919475
0.012675899816079354
0.006004774938422646
-0.0096752014881097
0.03205406343564234
-0.0176285037922199
0.10722282334779652
-0.06706988993688644
0.004728123761791617
0.016453752915362635
-0.12386522152656623
-0.1047882323715968
-0.23394367637910354
0.11801616778723203
-0.04231744144928482
-0.020280356450212228
0.004124286801173449
0.24954416760028422
0.0743843888274348
-0.10859265783859964
-0.0890008526677157
-0.06209648453494265
-0.0003904065043390485
-0.004445097704882424
-0.16765676567364574
0.16987252451388246
-0.03671308597882949
0.07997484709460029
-0.10010051398428116
0.1586078028480868
-0.29018919738298393
-0.04304115551805227
0.05227716370615762
0.0029664427574426036
-0.13064232774464718
-0.21375435067630102
0.02349145788436407
-0.03505583310676792
-0.050175045184194834
0.12177508710220408
-0.19809713714737637
0.1042920432385782
-0.2533919825852967
-0.07535201612615398
0.008296382593631628
-0.07560208691923309
-0.12432256602263446
0.09824327403586645
0.012938914997594947
-0.1643591251989836
-0.01023464900938482
0.006756617186142639
-0.17790053218449683
0.1516355857059904
0.09973943117821527
0.0005059848958230299
-0.15076685787414001
0.16766285838943196
0.015138264474758618
-0.09050330244446814
-0.06035191576543885
-0.10580726768438456
0.10582756215031577
-0.13915522620284704
-0.16439845937629236
-0.13109112458043412
-0.11537226848526426
0.03175029894749034
0.04178135217786788
-0.07854371762891078
