-0.015826020077313287
-0.03084583950151259
-0.08191922880239275
-0.2707700509623071
0.12112985547381595
-0.017739213340457225
0.041550060726672174
0.1228055294596955
-0.08985720195624211
0.06906988587722036
-0.0800267051967318
0.1962906339954945
-0.04187256352855326
0.16662117711664834
-0.01675175276780682
0.3353878835583488
0.22537457807121303
0.17249939654195606
-0.0747473809206122
-0.05957268080927776
0.008311415423511694
0.0048060059568085095
0.023762683614830558
-0.02386006573591318
0.015843327613806496
0.022148796874025635
-0.09815637857551597
0.08430192462624966
0.005826926597759588
0.17773405988535884
-0.017430675557778642
-0.11132826647099109
-0.06169904516905368
0.1268814783093144
-0.12257532638093135
0.13433186288221505
-0.16697221950146926
-0.28758529425557094
0.052171355211962804
0.1263994843348672
0.1430650862396605
-0.058025328355977596
-0.14110435542623392
0.043439953684814146
-0.10305422453317117
0.20089951177548154
-0.05101429001490036
-0.0520898630980904
0.114446819265002
-0.1393616389922197
-0.01811502609930625
-0.02662241666413441
0.1028610195983961
-0.06148274952623731
0.07107676506205493
0.12955604182368236
0.1235844761744803
-0.03554105679577457
0.09463147540065324
0.14628694390729868
-0.12220770569927766
0.03399930167820878
-0.0684881174846394
-0.035904864794092536
0.010127263970622885
0.07948830233272355
-0.0031173505064806158
-0.05573089671618315
0.020914335974159592
-0.05091192065853249
0.014774873757686758
-0.01234585197926414
