-0.24708200915158898
0.012864747205194144
0.048594182551400716
-0.0992274004840884
-0.03850685000014608
-0.12843621235829575
-0.04913010661308969
0.010305893281863194
-0.053672053049991425
-0.04990306671562815
-0.11581975722578448
0.02882789731868295
0.05022742595317307
0.01712595975222172
0.07062053485697188
-0.0076497663128618
0.016892260286729355
-0.07320054123220625
0.005561999704880245
0.009515695723690628
0.02761258580114023
0.005999677706182664
0.021412538579278797
-0.028698182814013123
-0.01248283581003884
-0.18160378187805953
-0.1921860785923306
0.10841397655674517
0.12561119564120468
0.07030622468139729
-0.007775137622383957
-0.03960457572635791
-0.06778393551276447
0.04940532811042633
-0.11301017999274537
0.008328135504502511
-0.17856836096636836
0.02219920054381257
-0.08148276993733328
0.007463061138891086
-0.10767661015059303
0.050162540604357424
-0.07138025084909035
0.027236640376331042
-0.08209800317186769
-0.06609924024320911
-0.09033175685982497
0.12442654752802679
-0.13991456691950538
0.10883390278306232
0.012173703577369228
-0.07528401498060674
0.052463074780313805
-0.0502431102061337
0.1381344985394006
0.12003217835343867
-0.02910809032789668
0.01609425196571735
-0.11737996921004781
0.16937325264374112
0.08577689534014658
0.06485274639482799
0.03257487809548015
-0.08687255791908981
0.02982022327869265
-0.00706894053084136
0.153880232642855
-0.010444123051953445
0.01627195935432329
0.018263603847505385
-0.15181481600393892
0.05779681247865625
