-0.03169642272287864
-0.06254470849986422
-0.09625511471814831
-0.02054531541378667
0.007479009168165081
-0.052463833287623086
-0.02431169658010536
-0.023492945697870533
0.0884279211739749
-0.059097386864731906
-0.14631521985694484
-0.024490840996043723
0.09335888701053319
0.0654993714721253
-0.035478148553867606
0.05100493437356212
-0.2484601098232973
0.15691315965571884
0.1081541466963024
-0.0637891126106575
-0.13363101084599713
0.012635262575645415
0.1012979773650859
0.06762253829729331
0.00658932362367678
-0.09638573356075235
-0.028342844339440378
-0.15579507282380614
0.10698838469908101
0.1290859426406843
-0.0786040097103025
-0.07761511103155506
-0.14962988180704387
-0.1420497115919443
0.0259203247686281
0.029282758741141654
-0.05857061175630138
0.06768726037335329
-0.07415415521396936
0.12103966672380942
0.10693009466184185
-0.034415664538740086
0.12498742569618232
0.00996981383826167
-0.03758812459645979
0.28359834284269436
-0.010730929763421208
0.06754546415351734
0.010831214450677574
-0.05836407059955554
0.18998509363905416
0.004437981580644921
0.04007297757705765
-0.1272398279313066
0.13869719738126385
-0.043615689195275587
-0.0932283054088688
-0.026716927713784363
-0.09083179787916994
0.031721969733998163
-0.13889057301692276
0.16640391847155733
-0.12353808757753498
-0.033665524939175885
-0.10498478150073619
-0.06705326453787426
0.15270507114221923
0.04644914989657738
0.00011234245785076234
-0.11657360076913917
0.01841128330402824
-0.04760025817626332
