-0.2051261445028134
0.12681297706878278
-0.07981324132820106
0.09343078486362864
0.018311526817373185
-0.0028113849297120644
0.002869563016776204
0.057470196104831464
0.10883443292832846
0.016731940163664957
-0.04688127970299637
0.027978285777132732
0.0776336136892604
0.0330615312013738
0.029166140099339512
-0.03279751600180104
-0.17100547775751668
0.20587030361027278
-0.14033677358171
0.045848586960881614
-0.23301252552506624
-0.11059904307660395
-0.033121684295187546
0.13239532845481355
-0.1191226905112041
0.12258191081446983
0.04750011304245544
0.0121518390725492
-0.045245065903710815
0.17998213672535798
-0.0977124557142755
-0.058984161318243813
0.02582965210101972
0.06598856872763978
-0.20142184583423858
-0.15441993531987885
-0.035179614730927525
0.16630702960409136
-0.14588531565324891
-0.018390972967809168
-0.0020901366872897315
-0.1293850789366204
-0.006412679747638435
0.036283181683757805
-0.04969565957918963
-0.1640733505402165
-0.08922099273655262
-0.057961150555927966
-0.21441482157966518
-0.0429164728191259
0.03567758895750665
0.13415847984456553
0.09747806272244454
0.029069363383779384
-0.09841520695390173
0.25584462667985874
-0.09250377668138593
0.1304217101106393
-0.023945758615936612
0.13408008100203053
-0.1775972981378366
0.20006181121434835
0.08167378797690923
-0.2686073538547126
0.14298808545982467
-0.034586883328198335
-0.05421645948851032
0.03094800109311492
-0.022283653548709145
-0.08583502897360244
-0.017720634506967703
0.23787482549571368
