-0.03802251293865234
0.15918735854500946
0.02133616562996371
0.09215633970569337
-0.14138648440507323
0.037312115323875635
0.017680889223569366
0.16606734358644695
-0.053355414955676445
-0.016576267396298274
0.029364992542833875
0.08573104415044386
0.10114234250817485
-0.111818482802794
-0.13976307467583632
0.0893208117717939
-0.0005128198953256685
0.13312719895241118
0.03528669831772039
-0.08101702566534243
0.1418689856045161
0.018353213583285226
-0.03147146938295167
0.0016959802190649933
0.10311326445203975
0.20671256300322427
0.09858650748722259
0.00017432109781558014
-0.16473203992897373
-0.25072386871051866
-0.11672470999531663
0.08127783795031426
0.16788093737537085
-0.0450011111149231
-0.16014774639000504
-0.03458638363007963
-0.018937734950516944
-0.05869870882144978
0.034794598943127
-0.03527055999909944
-0.03623177726338514
-0.09880374221940495
0.0007529184084489049
0.10379140173479814
-0.028168642906580065
0.22441138968674357
-0.18319803428854387
-0.015081935650793424
-0.15804276002731285
0.11838707094771173
0.16740227338854988
0.13502420151082076
0.06777646830104304
-0.029067415251803674
0.03324884412664385
0.09601959469297536
-0.12473057002419136
0.039136427484856316
-0.001316756527253743
0.1318715922260914
-0.10338193028236503
0.05177643430427555
-0.03749548958271426
-0.01900306628397573
-0.007220530817388653
0.040064250553222755
-0.01573379505235417
0.11307099804430473
-0.08543607107832762
-0.03492275093273929
0.10629208475344547
0.22693420194636182
