0.08494429580855772
0.04469420876087163
-0.0657349512673508
-0.013782432406766937
-0.09314269425970617
-0.02349085996343342
0.1712688887730303
0.05137235496969033
-0.02396626649083855
0.10029606695669964
-0.11848027901231382
0.059234761220519315
-0.04857683726786324
0.04266646182330724
0.013624443710365204
-0.158802841877471
-0.09873444003895765
0.1461854159369229
0.04030080857062737
0.11904929692731858
0.15690627721464692
-0.13614837776179944
-0.09063155269340015
0.1329758600180988
-0.14166541407054922
0.21336309354940822
-0.03341109591199195
0.08303785928847617
-0.08057109036054254
0.198449627976309
-0.2421844174029325
0.1820850802961206
-0.021246674724212853
0.0449915486966988
0.026816461279578336
-0.08717890032119203
0.010284994884222756
0.007100575969943311
-0.04467556129974203
-0.048131937767264876
0.12192218927954357
0.0250266397280135
-0.2767349335809275
0.2507799371485136
-0.23235331774443066
0.013045125394620771
0.0592324410434752
0.07581694554525831
-0.014577560242597234
0.10354488263434183
-0.05438060459669797
0.11839574611744118
-0.18406430446775313
-0.07644931338294682
-0.1525339549088363
0.0801687187671378
-0.03960023358099764
0.04545462972005735
0.07396252971868586
-0.03580913636094796
-0.03815488623526926
0.08542535997146285
-0.07885480674412561
0.00841393956360451
-0.08896917304717335
-0.19159724962949276
-0.10531599942609826
-0.09387481463438344
-0.28109550738013145
0.11759048822235721
0.011866317778876145
0.468404842659153
