-0.022849445845125563
0.018312905299527817
-0.09604457672946663
-0.09472432045573073
0.23553194310234252
0.02727725165157068
-0.19250782876218298
0.10981085209269674
-0.05953270801683634
-0.03183637653896213
-0.02542953007761062
0.04980750904056051
0.06747360634004716
-0.03791130605213339
-0.2076846752622763
0.06311970518754442
0.12631266946258904
-0.03579583567227354
0.053921658883967626
0.07948727092408385
0.07866368655253463
0.022802458718569896
-0.07825150414608847
0.08230616354951471
0.024601201120620905
0.20700762205356116
0.029082912031768708
-0.0969358100012796
-0.09069436168012607
0.008782266915072372
-0.05349197337332859
-0.19541958509010007
-0.2432099365961076
-0.12555603544182925
0.08011643276338012
-0.09154211820994758
-0.10281548370109492
-0.1432662452851365
0.0145905856198221
-0.03896677597057717
-0.08580151304142564
0.18482696950798716
-0.04311155383714984
0.1450998113164425
-0.07786766811791838
0.10860912014480748
0.026871474913427496
-0.07900799895640796
0.037439551714414765
0.08108280503241452
-0.19945830506409062
-0.12204648592920224
-0.1297705467608535
0.06767191352012153
0.02314800722743269
0.09212123556192457
-0.1776435893536535
-0.1077001183875058
-0.177365348579525
0.22947256734815447
0.021972628661101085
-0.08667494282302478
-0.028250830142415816
0.21142070326939594
0.15699781386393805
-0.13672910547845676
-0.11335767015423867
-0.163315923351183
-0.07987036032196354
-0.10754054572029222
0.08062299437657977
-0.028293238107751296
