-0.08270193171646575
0.10086494440272392
-0.07395216397092026
0.007233525320454043
0.03379200350075448
-0.017581048181655807
0.004723011399599337
-0.02163963781798981
-0.120577587861848
-0.1440800785123551
-0.08307663930898074
-0.18729714234701847
0.014502236940540987
0.03294315890960487
-0.01789792538204106
0.14882337900718962
0.06751922091190503
0.025362755589896317
-0.07250574661153869
0.17256403464228684
0.17829388509338095
0.14699032323377711
-0.049732093813707204
0.06767892565293747
-0.04600071777672389
-0.046007132350894424
-0.12694106048828693
-0.059521706314845664
0.0429506782081309
0.04055532951795446
0.055225187135242076
-0.25035567274217246
0.04323970977061327
-3.053160040286662e-05
-0.01681065746383377
0.22958330547239186
-0.04495889702878223
0.04016043628040723
0.19453006490922742
0.2856278173069221
-0.0018971796849936579
0.12928485025700556
-0.08599542016498471
0.009900150090416452
-0.04853559540754368
-0.08751656967645435
0.11255018804360356
0.04727263824566341
-0.1443602206436398
0.07990949086726937
0.10006920745424816
0.03494809651091731
0.020556998027775632
0.025983406909158464
0.06221699910841219
0.10506054300865224
0.030539033654276133
-0.043452880434180725
-0.30695492456017404
0.1864797082044519
-0.17374398788427883
-0.015364708286467675
-0.0931082732984656
0.0987679357302047
-0.29235839113070516
0.017268746133439067
0.06248613353745405
0.007441143960286292
-0.005451491439947984
0.023222537058758305
0.05651235386342784
0.03927488239392516
