-0.12266901774268202
-0.022321386833573126
-0.15399699977564443
0.10678348230359092
-0.1007318410698054
-0.03091518688882121
0.06018823216817201
0.08843933710740219
-0.05596892253898766
6.700856490295982e-05
-0.2325906958282296
0.10868252854371317
-0.11365517017974476
0.11206894603805276
0.20337233022431556
-0.1456524034450589
-0.09605518936535169
0.09001272887809603
-0.017908416222205407
0.04005117315691026
-0.19565650518586328
0.060990460385158124
-0.13960012581346246
0.0316063659166911
0.011248019200386724
-0.04190297225577439
-0.12792494317929526
-0.056362410898578796
0.07737764161505001
-0.16110427353888612
-0.08290435510783961
-0.10317347662467694
0.020540850277446784
-0.07475448932793344
-0.08653582274895884
0.09569438582007017
0.0847162764132694
-0.08329748567495081
-0.07542502546327039
0.06204752799374716
-0.20154409258955375
-0.14364442353056958
-0.041381915660000594
-0.07150130981265627
-0.01822708090022691
0.08380056805850439
0.04665094204336321
-0.12830353889240298
-0.09017078943252325
0.17479372019254458
-2.8023449009496822e-05
0.23976946919706243
0.05129569118993874
-0.18748789887903197
0.0036369970869506566
0.014513574081642772
0.009887919430444918
-0.04080832496950875
-0.125016759578042
-0.042118680926388305
0.07843706956339407
0.026595153130404937
-0.08701646937935247
0.011536390969361649
-0.04872894503904881
-0.07902786887866638
0.07685364177969467
0.039733701577176206
-0.10496665554057157
-0.10226412689456531
-0.04471178234014489
-0.030585456617879987
