0.042312177387170045
0.18200243217341572
0.07980288277788929
0.08369792111507593
0.04932531203971387
-0.2473498033680725
-0.09036323043080707
-0.06542537274457935
0.036134819678210126
-0.01023114144921096
-0.17473795961031885
0.09482308468113831
0.10916593288848936
-0.14223705995454022
-0.020879835183406418
-0.030124253796675694
0.11546759728095207
-0.09894431134822725
0.1875705398342232
0.003804669889169682
-0.1111891544753173
0.17941946844632925
-0.11834974524220951
-0.13550260436175302
-0.21128841282844496
-0.003262204021258607
-0.009027559391175569
-0.08789841065779189
0.05109986724421609
0.041835763789303065
-0.014082909249095107
0.11983773733838912
0.14706869348495558
0.05311806892935753
-0.10102160344959066
0.09483345840005955
-0.004549272035100069
-0.09750467725018229
-0.04430334209774399
0.09766845929978232
-0.18108033724669642
0.10165473678486141
0.03823857569462727
0.10572508927693888
-0.11885615989146785
0.10654849686772386
0.02935178653801388
-0.07977074792129986
0.09414794890467253
-0.04512113779647724
0.08670331574874146
0.21615073014514163
0.05513431449017086
0.0337780183154099
-0.026331827323191705
-0.051247717458216525
-0.15419125822218516
0.02202907488661562
0.02766542169547624
0.13411660473297107
-0.27474117828418015
-0.028273013287773735
-0.0811151148932901
-0.18038909374346498
-0.1303104914796588
-0.02994048183095471
0.10762580371847708
-0.16204372144705093
-0.07451125298075123
-0.06404850626084822
-0.1854327627025571
0.27842055735731136
