-0.05279021356432135
-0.02766186169353751
-0.03974782741826402
0.15269440139236887
-0.14798115778558557
-0.11345778614618374
-0.015490223246197837
-0.09813489043591211
-0.09966886981632797
0.2462957174151832
-0.13151035303258818
0.1400637209590528
0.019490773246969163
-0.005617574674574716
-0.06115293553606531
-0.13934131626413232
-0.015181457276618735
0.23647266335212205
0.029143493874779665
-0.025335028711501034
-0.06661768320630887
0.11460660970972045
-0.06568285229235708
0.10170877118808108
0.06285774172601102
-0.07782312422432569
0.05738349361127009
-0.020218604789631844
-0.05975577831339984
0.08991507007512128
0.09683604105506946
0.07725359996286676
0.15935013300466333
0.23690945651605505
0.17061790151991213
-0.037144526828960495
0.01917042130880986
-0.03715866958517565
-0.1428042600757791
0.04889800508836494
0.15007390676806417
0.29367809663136046
-0.12894813041178044
-0.024762057618378557
0.027853875633604516
0.018771426123135874
-0.010011096866744543
0.02067931750410642
-0.06092026328538613
0.17314467627359284
-0.2250387199071989
-0.03033583384225275
0.02963230771996886
-0.19218559907466282
-0.1371760300314671
0.17825635799868952
-0.2817386241898351
-0.11663538395016032
-0.07424028159151952
0.21506116421179977
0.049171672563787024
-0.01614359559718885
0.0234255024885711
-0.21351945176360315
0.06494008313078843
0.05154670990884735
-0.03373835128652075
-0.0026096363499790425
-0.1398988683480613
-0.2503539490946819
-0.06025672425437825
-0.09413397599356649
