0.01326026438060169
0.014661506823991095
0.0020516664895095676
-0.0015236459011234906
0.10570498103825965
0.02631161387842922
-0.07754159793042406
0.19894584927588377
0.013233581998440755
-0.026551150990856913
-0.07862278385980238
-0.07237261060505096
-0.1067579892491071
-0.03270495141635164
-0.05977237513163977
-0.09964511870261422
-0.07088712940542483
-0.13164564386224226
-0.037474073308765586
0.058745166121578506
-0.018644001603436593
-0.16389831068459804
-0.2155552486944145
0.18084253004327439
-0.10798191044812026
0.005681599215639974
-0.04362242763103828
-0.1504205399714242
-0.04426123178071003
0.08932291767392302
-0.22193783179743282
0.040767708496604195
0.015853531321909968
0.028872056024119297
-0.12051739059123502
-0.1196973741648273
0.17823625755642503
0.022131752251091402
0.09401785111340882
0.19196997745231575
-0.05870679221227156
0.20735535037657502
-0.2060776749675267
-0.03434204616934308
0.021366330902789374
0.06340841340668134
-0.06142232945099481
0.13883282600761182
-0.022495248162622966
0.11712795051106178
-0.0444018723495898
0.08419657617148903
0.02151780617706981
-0.055571866272493914
-0.0744261893735094
-0.0028832299040265665
-0.18632011248774508
0.0958717467153494
-0.105557310960475
-0.02471973340263975
0.1428789189455768
-0.05708890757529357
-0.10739001536416201
-0.06423275811266276
0.1355606473267337
-0.09208921093524654
0.25789079156326544
0.11554053415958312
-0.08176604994467641
-0.16837715695618738
-0.005469006798518958
0.23178131142602326
