0.10614675790330808
-0.04482940511258512
-0.14278348826191828
-0.24891457516017257
-0.06984251163438497
0.09920687572162407
0.11792674910066006
0.15952842471250697
0.05944516667885566
0.04047177347997412
0.10890144337665415
0.03383106337697675
0.05606751746226364
-0.12569479003007936
0.08869996926278749
0.10756467896759031
0.04294741741773206
0.024777692665724486
-0.05787770071917762
0.011320563551877322
-0.11444830104924747
-0.059107798203593465
0.02525512028024604
0.025427428812387423
0.08403663449310309
-0.030851117865317714
0.0037368453900349773
-0.19047529324773865
-0.17763540347319695
-0.1318984951963248
0.11923930122569099
-0.197858758245737
-0.07183759807646639
-0.07653051835618527
0.00868153449346004
0.04601944796204937
-0.12057002240805047
0.09554681445208557
0.04881092682923968
0.17468084215495577
-0.12398954185577818
0.15976247027955817
-0.0013968200171749878
-0.03093162762399281
0.06530901887827242
0.0747404280368115
-0.02816325926164828
0.023498721795114298
-0.05023223440627511
0.11360943872032395
0.05620377347251233
-0.2077410548964941
0.01011453771294945
-0.05449817805527747
0.003598427612444076
0.06788831251148279
0.22167152080430738
0.05311452587200175
-0.1519770743505148
0.12560195278476038
0.04343791460218432
-0.010187426367028199
-0.17303917922841935
0.11391087968607522
-0.07022563011337586
-0.044526385151733586
-0.013615358345801019
0.037707268716361986
-0.1513701493356256
-0.05951925000335989
0.1526128178668321
0.05901522181630482
