0.08204099727377552
-0.10615052891495312
0.16963912256150643
0.13831798677903034
0.08717017414837384
-0.0783384136115492
-0.11449138711573668
0.08950161631272605
-0.08958680318978546
0.10516744133686878
0.095296256254528
-0.03247411629837402
0.040132439994548845
-0.16028346561307483
0.031044337531561106
-0.058747883452360476
0.04931412297223276
0.1388211555232664
0.14519397477016913
-0.22401919856558059
0.014886350826106655
0.01961272092569172
0.03148874295753669
0.16737674734475377
-0.02863003196522459
0.010866210065109193
-0.043641172703016026
-0.014742294164795104
0.0895222977366913
0.03409560255690779
0.11555834257603351
-0.10440650304524622
-0.09359740698871485
-0.027045934849881055
0.05240437360077674
0.08643461182714979
0.06661302310242288
0.007518927172129464
0.04221590350183378
0.12004015402875097
-0.023147827960483217
0.09532194799027588
-0.0019621659934638174
-0.13217752261869456
0.17264088235082042
0.1623397842837372
-0.1379815634508875
-0.10802037926250348
-0.19896359177064074
0.07246996210140794
0.17980891717235653
0.07531641769703856
-0.17614718608211172
-0.18952234557530603
-0.04828187168431952
-0.06555308425452992
-0.11416152602454602
-0.04825652995822724
0.1003508636049128
0.03457377827019455
0.051088713970727374
0.09522781089838997
-0.015508931559723792
0.009457929524771766
-0.0703964418636642
-0.1277248988240869
8.108342840221309e-05
0.0506327192343558
-0.10936413559318235
0.1631151501207806
0.27043481769083727
0.08058882754572344
