-0.007774268067302129
-0.024706384984995014
0.03828534176364897
-0.04946666399756366
0.05817847721462234
-0.09741087546467142
-0.17847522875191438
-0.015458794987896228
0.0432749321548224
-0.14707356943218206
-0.13742605254567739
-0.0730802987490019
0.1145574203777451
-0.04643395947690495
0.021090485428837423
0.11453527463318883
0.0810039148259297
0.08997031309168617
0.10629601319000836
-0.14891839331688494
0.010155367364901921
0.012059120178818576
0.06270340007125871
-0.06117098876229598
-0.14616642636872346
-0.12109468664156345
-0.04690803526671339
0.006200371059179203
0.021023252400959556
0.0794475917002604
-0.008291252161729903
-0.17772238785272892
-0.022497707174287496
0.006748406152029997
0.08768395620173208
0.011880899049767355
-0.030602549268171842
0.12488641848245768
-0.0010670681402066913
-0.01773615566891417
-0.04899084619180874
0.0999872178315775
0.03980093144881544
0.06142867256363954
-0.0277959609392485
0.20838703840401554
-0.08121150402171001
-0.033272119053738745
0.09674141315560113
-0.0675025394607301
0.07888987274480902
0.029080216231211632
0.11938166411688991
0.036480667969648065
0.0007484259364149569
0.10465031055677582
-0.2552541098353244
-0.04205472619679418
0.06458894161998216
-0.1653992611041483
0.1028205563624674
-0.03384624496122462
0.0272428219059722
-0.04122908929008626
-0.03490712708151322
0.09736111009799647
-0.040149154559952334
-0.23584284100512232
-0.043199615833179855
0.021590071629574634
-0.001023110365614605
0.1969071886298855
