-0.14019772675778727
0.040736791729996925
-0.09502778971066456
0.06295312248605509
-0.11997872376138508
-0.06398825483264502
0.04366533999964459
-0.004405750407898842
0.07466600532163688
0.06886331043761296
0.162043485695335
-0.07878717913383801
-0.09538297912340381
-0.14432500373496976
0.15275105589728344
-0.20821813320455074
-0.2018436271188326
-0.039401030546543224
-0.1579199587495539
0.10684232838091515
-0.10407741412757224
0.05160134786146581
-0.011040510006724211
0.04129796513009554
0.16272921667069873
0.0746707710073262
0.08281527036819669
0.05442786550221615
-0.13608492345946907
0.13782435170347093
-0.06745911384688828
-0.1276840106788307
0.05812490756659501
0.022456527441715012
-0.012164772003868703
0.1273445967482169
-0.24533509053887254
0.045876927540777795
0.04441628517267072
0.20258522381982913
0.02178103135781552
-0.16268150821782493
-0.0047219167563383475
0.05716163615272616
-0.03646905255674572
0.00888218316224145
0.1916415694556164
0.17068529246874528
-0.06233384271447952
-0.011318195636049341
0.1044783170400961
-0.011113633184682177
0.13750140869097235
-0.033803732210934134
0.06510368909299066
0.18918387793215713
-0.019557386342980137
0.11697704616948595
-0.016746400245311596
0.10483766737282703
-0.008523430662474997
-0.15902285582607018
-0.011906800188912586
-0.15666193562877528
-0.13406331223771856
0.12370615608488165
-0.09450206578140796
0.069224705557468
0.023847543392438032
0.021871015519220723
0.13402095115451984
0.12031786874537685
