0.0886280710251254
0.009105141796800227
-0.00718033718329493
0.09638608947802763
0.061240899003468116
0.10876762592356615
-0.0514316228272102
0.05084400116787119
-0.0948930873282407
0.14577607626484745
0.0323067941608227
0.15149603821922752
0.044286577909272096
-0.026487997497883
0.10669520002970263
-0.091568015880781
-0.028965917879105664
-0.06708687881366832
-0.046373454760757715
-0.09634194818952849
0.11996212094859951
-0.08414907926744561
-0.011712446033872434
0.06811443716552504
-0.02877770791688513
0.16128058951782137
-0.10044805305526452
0.16247831314559863
0.022035994561045283
0.09737914088431215
0.1964286712634964
-0.03241522095909915
0.09463723419342887
0.1485571634508734
0.05615976268195487
-0.09609998796054339
-0.01969898749054052
0.011540056777014293
0.023311882075938928
-0.027071454670299932
-0.1526651017025482
0.135819863128392
0.024154082447197963
0.17656488242106072
-0.052975972088259084
0.17310525892552678
-0.12368181413784896
0.03508390219805708
0.07487101754270561
0.02264458374018311
0.022488185651420224
0.0290469725708416
0.12265338754615428
0.09708033016309636
-0.20415873352636565
-0.0046322817580207246
-0.13621861018025244
0.1332604236985269
-0.038151924514036574
0.003269847105948992
-0.05286528973616307
-0.12165832971243688
0.03624673690524489
-0.10539233060862088
-0.07606298773142177
0.07962782283171646
0.0655394417494063
-0.12127997306945854
0.028717276728586472
0.04654574340495326
0.05666033220433854
0.09170078694911633
