0.016673875998753605
-0.1352628526263537
-0.038711884891690175
-0.11385158324797924
0.051577997487848
-0.06368545308294658
-0.009009667708323931
0.07145229786904007
-0.07644886858602055
-0.20839286145325242
-0.10721389862417581
-0.05429130846007039
0.060783604117804826
-0.0751358652348089
-0.033705431378456295
0.18040147094212935
0.043359876616955895
-0.17843811127168768
0.06852469552611502
-0.003528135992057615
-0.04495754367240089
0.19386297033836403
0.08448483738337956
-0.11598565782093709
-0.019515399819307784
-0.1191549048960454
0.07347494006211945
0.2121362530734658
0.0041756262083934475
0.20136772125750585
-0.11835500983862886
0.031080819853169517
-0.013095045064720335
-0.026212222107047257
-0.21446618214812824
0.10402728420160434
-0.10479398530388534
0.11483133797033816
-0.12190358478319022
-0.03732063185390193
-0.22666664834571928
-0.1167008554416334
-0.06367840543356135
0.20425950752768346
-0.031013321166552157
-0.11299704711478271
-0.1834941713523069
-0.017096465379752256
-0.08775543143440692
-0.17316972391752306
0.06472768489118433
0.08616219793602314
-0.07290482056342633
-0.06224198702590955
0.03737757693472603
0.09413190678252932
-0.002859549584989711
-0.23615678887465508
-0.06087936959062837
0.1315673379354858
0.06251972539575816
-0.015870337083073626
-0.008943094230010273
0.04835274423346727
0.10887984252670707
0.0956592558667575
0.08542211097103747
0.024187486797604636
-0.04811470765674103
0.042316071687567805
0.042931202165808674
0.05228754482746006
