-0.08901305237057065
0.022683952044900323
0.04158847623831815
-0.07151577130978382
0.04612061383651163
-0.06146213402200762
-0.02826573370359837
-0.2057141825125768
-0.02129178143443626
0.16665803231594262
-0.0038362741238635797
0.009043242682875588
0.004980503951023736
0.17087253641742228
-0.0022464512677178175
-0.039240052304602493
-0.03264144088873425
0.058036909775396925
0.03623844440647582
0.03436442744717156
-0.041127093861074375
0.06025798495893278
0.06874463933770883
0.0036681567302186135
-0.07825348534116058
-0.10441163879815077
-0.0025139137762061874
0.16953366593933122
-0.021421342347891212
0.1046004923124842
-0.10836324853588931
-0.1629538322105847
-0.12155337899860265
0.11132876499326806
-0.0009812896638417105
0.08132037885183807
-0.06884041510014904
0.03392489973242542
0.11463297507214969
0.02762276814482712
-0.16029393295848077
0.10883938162516774
-0.17778775322869
0.02207173211339155
0.07345424830180862
-0.002574781091095591
-0.1442646138756349
-0.13757776562795757
0.0008117206625387202
-0.14579303852909037
-0.11057944657553298
0.0015604103622997023
-0.09401174681807796
-0.14193254525855986
0.21912291863697161
0.06281253032133376
-0.049878711975475665
0.14674994200170155
-0.1378099888860613
0.013537362612188323
-0.007204300467304863
0.09361680377012088
0.01198760974006216
0.051175250566838616
0.09846554964064126
0.04535933604887875
0.1384072525940589
0.07128186242681167
-0.05952963991925878
-0.09578097382880901
0.07054421478835464
-0.017838390808722026
