-0.20501398306932817
0.10789764023210012
-0.10794456662280721
-0.038908819130362045
-0.25869758216882144
0.16871227450170356
-0.17162961793658574
0.180381267231203
-0.10797315657053203
0.08163891533973815
-0.16407057175956857
0.06652236835879971
-0.2005050970808795
-0.016766835110447
-0.07777823067439713
-0.0409048587799427
-0.06768807750515914
-0.09089598149760286
-0.06438843510457597
0.11138638201891024
0.027447693655593394
-0.037060631414739975
-0.0690579747181548
0.09832906237505037
0.060422866754911875
0.07681696460030575
0.010435675462307663
0.07312324380442474
0.07640410496075628
-0.1329389638756003
0.06986011317401192
0.1509878564872988
-0.03852532311929645
-0.04904111462084882
0.0009463552326707189
0.07131546315698048
0.01245351481577589
0.15912163614384536
-0.016998912390037778
0.20951906623388666
-0.06041383089340311
-0.032457331378197424
-0.230287645655298
0.11757516892719819
-0.1115871865773777
0.13948437789985774
-0.28270665413781965
0.05704721761306321
0.027515864205252094
-0.07038755192187329
0.043172976152866624
-0.243326462018777
0.009410042654163639
0.11661249920422358
-0.11493716233542081
0.11959840922514851
0.17892391027450377
-0.12640378094826843
0.01611890923906807
0.26309956754350317
-0.06878908199529268
-0.08404882207883321
0.2178975405074367
0.1318479490324922
-0.026646011173470003
0.05893557565529049
0.10056077980332569
-0.05390559690696477
-0.16492174219123984
-0.1359485760167607
-0.03736435211515097
0.20193809634535462
