-0.09303281223917428
0.07461987417578868
-0.02539994756997503
0.03077004385359824
0.13531713461603181
-0.01910617210932817
-0.14332659676680687
-0.0970858841547998
0.009361355755707543
-0.0031230219027399003
0.1329642606874137
0.023681620499249628
0.01239837342471739
0.01992631449016093
0.1884967763418031
0.04982358436707898
-0.14089440118149626
0.04266403855502631
0.08228329487506754
0.1525380199202224
-0.05997781429681469
0.03846248024333423
0.19756993739454515
-0.09840808685134221
0.004589910018955146
-0.055123925150504544
-0.14651697558420965
0.05875917811196806
-0.07395299874066423
0.20607594774080146
0.07835528578465045
-0.05048993647712042
-0.17244767737701644
-0.028425444637806524
0.0017623338835157931
0.1395541254426063
-0.017825859403633765
-0.04056852248543634
0.009342684648371034
0.025589422866879333
-0.13381994887146134
-0.18717236047108893
-0.09666460227260808
0.07281952254224207
0.0308635938332947
0.04224186462697415
0.009607106764193955
-0.1575434247459479
0.07067981235297932
0.04165570478915445
-0.03113429943285329
0.017689052052032042
-0.10701461602548544
-0.14200460156985967
0.05159549414974794
0.09890786339245124
-0.07860446284905795
-0.04917759247765315
-0.1393791091283996
0.1775697107393434
0.2128686658887826
-0.09840487649436375
0.0046791787855428105
0.05597835481984637
-0.12570636882135744
0.04885380005213485
-0.06244850112362131
-0.13514792897856923
-0.03496407449542288
-0.23823323199364868
-0.04266276907304001
-0.16374555051295073
