-0.09881611740811268
0.09697725181280385
-0.04559398497351798
-0.11599376768145195
0.21307517415571933
0.22550090331737843
-0.05534648319966917
0.054217805283235304
-0.005225350767834709
0.010529036289796727
-0.15321614438729453
0.06586082269743664
0.023234947753267836
0.11305425437965537
0.10972840081977236
0.13338168273507223
0.01024708145667914
-0.025865298868507608
0.0014176325529371703
0.16626211892270462
0.007144738221639774
0.05530971796188906
0.009425637224645393
0.01643194455034959
-0.043217440851856206
0.19076997868512885
-0.08530033025245655
-0.012161847301156558
-0.14557008204782157
-0.06129068429258346
-0.15980268731735314
-0.05223901889634712
-0.010694307996711056
-0.07965313520308541
0.2144934839869223
-0.024846177281095838
-0.01653922285066978
0.04727050545859659
-0.10914274233713295
0.1295912780965734
-0.008921215958526258
-0.10742295627707046
-0.2697565925005535
0.030371834840295223
-0.1901186964312018
0.05146604442901149
0.05356237513010126
-0.07370275609023315
-0.023926905133876138
0.2041466955687921
-0.1396125384842768
0.05623387616592476
-0.1236566608588292
0.20859278776345785
0.061488155607539105
0.12211010338950956
-0.08046991709871966
-0.0008806897498872396
0.023380963100865584
0.10854005489594123
-0.1452319044953022
-0.20087339761064527
-0.09899204207003645
-0.008168965957484137
-0.23251185566349616
0.04128833966919345
-0.005085537269965669
-0.014701347538376597
-0.06700869121437587
0.12465886965424074
0.07362750781587453
0.07540690147475176
