-0.08964952594185704
0.17048987806363097
-0.057479868762305125
0.08653292513077727
0.09798098019458965
0.25151943805325633
0.04249154429057686
-0.13904813750256032
-0.024345174137573502
0.10031475296725963
0.00046868131553451484
-0.1864593491162383
-0.2513053938890356
-0.00454427368527768
0.06418456630272894
-0.003489342700950933
0.093276321432141
0.0682637467667166
0.2396339966684089
0.08098630156512805
0.20216368010731134
0.07197815630512376
0.10919328950608108
0.07412989730597637
-0.12693886687109818
0.17212049144161198
-0.2136299342156301
0.13080707071343817
-0.020711080046979663
0.009929688039297028
-0.03696284061463621
0.012644222832631839
0.21195102703912766
0.07561620740152118
0.022904306735894414
0.11720742767051653
-0.10253856760953817
0.13035845474773441
0.023062662772628292
0.028818379031715448
-0.15487581847577703
-0.013278994863879507
0.009430672770201808
0.06336131658874931
-0.11710076236318626
0.26580055627671956
0.025967962956840764
-0.18952729148432934
0.04968983579128151
0.23449222121641436
-0.017962956579200242
-0.060781179984607775
0.034790510150678654
0.032247782827934696
-0.09765472842730384
0.04650305673816239
-0.09583491956836591
0.05065287774157402
-0.10060554847872563
-0.1862195383249823
-0.1446014014129213
0.019573657702204122
-0.09814044593852107
0.029675386314912844
0.03918887456858984
-0.02291061367646001
0.051745095633515516
0.00950259966092169
-0.10000728961163954
-0.17111148008756982
0.0986963771528605
-0.10392326167783678
