0.16791289897749925
0.18506654589442795
-0.023206152893783166
0.21753212891172663
0.07522775328796197
-0.003448648952910832
-0.2704039453658726
0.04511747965774433
0.1343422802762015
0.10729075925803824
-0.037964919839032704
0.09461797266591526
-0.05031817603992633
-0.040841791883883954
0.011934665571979133
-0.07088374218369847
0.08715584409908614
-0.10377872260129858
-0.06019788817060287
-0.04676226522559966
0.035733847768390406
-0.017868117745793638
0.0035059618085838684
0.04100703080027551
0.047653314038480304
-0.0384390655324277
0.10502353293229692
-0.05158950329091483
-0.009637711602142218
-0.021178918048124065
-0.0006299293302211573
0.008187816229314096
-0.17095905310736828
-0.0027830466073611726
-0.16367185203661141
-0.15379435235347064
-0.040892170756757606
0.0756815594431852
-0.061376716714679175
0.07359775721839319
-0.023825238987066608
0.031709480098524104
0.12016428647189725
0.12577256079006424
-0.23755602215038868
0.014133273323915478
-0.1735075489734838
-0.006487435655292459
0.1437205081961713
-0.015480481607248936
-0.11326611055568366
-0.00012290335504168415
-0.07916111572970758
0.005084461995972362
-0.06233045679563883
0.20604599283819364
-0.137187415684594
-0.026541204294967535
-0.034805396418560695
0.04002958369960173
0.029477165657181278
-0.2044265001169138
0.020250117428514434
0.055010238801008145
0.08916106012870445
0.28099664724372797
0.04057852767841024
0.015360934395489606
-0.0616337930988135
-0.1561346125464333
0.18070497111691092
0.25595231504270527
