0.0645115338804264
0.1301105887851192
-0.1471004793311482
0.13892004852560771
0.03462900486565859
0.11960267936309393
0.1413205103083977
0.17336238547329266
-0.24219312616274977
0.09477606019095025
-0.12790190247988745
0.0006564914791594295
0.01240360636288055
-0.02115195858633557
0.15547340995830491
0.017086362998484574
0.006054176031169228
0.08828763045676603
-0.06539539975687886
0.08636956302558432
-0.12224001405165867
0.05519636053647278
0.0007829361589847626
0.07907122296033137
-0.028073442477501945
0.10448441018506614
0.020435757612761955
-0.16833653595265946
0.04693941243616738
0.0540461813636816
-0.0813051288902265
-0.14808072692023516
-0.15344331593802402
0.18905816152484295
0.000579351055302003
0.027391585457482843
-0.07108918840380232
0.07823255253282793
-0.08374420305398178
-0.17238526254259445
0.06164334626270056
0.00907870904874317
-0.12478465082184712
0.15612892299324846
-0.056412833051905455
0.16742924987262356
-0.08596440206632511
-0.202481173890243
-0.15487451243425066
-0.04841981658372845
0.05722988548590162
0.0622266704991459
0.05639291875333332
0.030491777580280884
0.1353995944619269
0.16498605694682494
0.10773911200903645
-0.02287425975369132
-0.08006061439467521
0.036064161606126764
0.18662467796597285
-0.13684770836499116
0.24118002013527123
-0.04418333930038198
0.0174086069541595
0.05634622177954936
0.011859442056061178
-0.08191942492950975
-0.012266885690938183
0.1582584188938023
-0.09911306341638805
0.08455326278532513
