-0.12344461049817874
0.07046319172314826
-0.15080141492885135
0.03338699462053784
0.10788557959221852
-0.0664843357766864
0.018823852118004684
0.005280060293429714
0.048496656241599975
0.15159463552250865
-0.060480932542752136
0.06581638289861724
-0.15262120916052643
-0.16164326147622687
-0.21052600175670122
0.19442086996442667
0.12235850131210771
0.0729768686541964
0.04861320979346806
-0.039813845304668194
0.0625178266077052
-0.015441958202782916
0.09543607432823006
0.1415877457718731
0.16296879280153306
0.15323292455879509
-0.059347949624651154
-0.06015227652753824
0.04529439039535387
0.09954045539579756
-0.07870026581913353
-0.002493866587418807
0.059563068304794776
0.009981758600269982
-0.10065459564857485
-0.09040666736832317
0.04253242805819703
0.08527208802022476
-0.06534903364841434
0.026425693382645457
-0.04024841534064755
0.11355928335666901
-0.08317496384680538
-0.10208278911503683
-0.1021697465603652
0.3610162619244999
-0.12259095722397823
-0.11086117724450516
-0.040768424606786036
0.123935626421709
-0.09962693006571145
-0.11008203733604796
0.02963021150458219
-0.01342270339098373
-0.10425105976523359
0.07996238718291805
-0.04744281567075454
0.10796492023328147
-0.015164217325706754
0.05545386730179385
-0.05334717967348194
0.053755033430164946
-0.07397225162401842
0.04350796177423179
0.01341424172737974
-0.1608947276669693
-0.04508808300793053
0.024456747297346988
-0.06936303862513125
-0.04008698029448244
0.05658071503896456
0.11886993034073666
