0.06288446997390326
-0.14286802327087253
-0.059004882121313586
0.05807572761758664
0.06347174500748139
0.050413923575340414
0.015380341104137727
-0.012813086036445527
0.04489156151511403
0.01663951260904308
-0.12417752312049755
0.08581828380819524
-0.1612423835993771
0.02807136326218161
-0.027420549098547065
0.0243250044143409
0.055240209858991876
-0.05347858710632
-0.02798080167334931
-0.16684313272844964
-0.09344753447221693
0.041084242145016624
0.08216530906127993
0.02541663210077404
0.10479008136834085
0.10318467446403445
0.11052330783148817
0.1383813365782567
0.08885139340160014
0.12532021204539226
-0.15254309415459494
-0.20736207607899593
0.06462232853162697
-0.01931592910352768
-0.008430884437267834
0.07757274551135829
0.09941448330467448
-0.038004773171523315
-0.05485383829228985
0.00723932904628551
-0.16433987163239552
-0.14456044909063945
-0.03956768412860229
0.10374433868907924
-0.08245336892306913
-0.12473354440017724
-0.09256655406605155
0.0319316820863772
-0.07421959451312284
0.1487385729351389
0.019978110639667302
-0.03711466449391261
0.05843454143150522
0.06056468368027648
-0.02640895509991617
-0.06360309561511285
0.0309841077793662
-0.04155871107313599
0.02098845643374633
0.21114926133294315
0.046843801654021244
-0.05452632925033322
-0.04416422561101056
0.027919061850876906
-0.10017898404335097
-0.21783888564465803
0.04067316186234624
-0.09416830094948064
-0.01598686664057479
-0.1503598910370551
0.0270009216852522
0.01646343887295989
