-0.008165677703206115
0.056666078330768525
-0.02201482155578268
0.024540754189047297
0.18135006360788863
0.045652807609094126
-0.01204402011763292
0.04972414075704389
-0.18344643856255058
-0.05901898006746586
0.03119883912397617
-0.10134792470186069
-0.05500270497408447
-0.08724450259420187
0.03769805605283496
0.012017813605055286
-0.1664341139738162
-0.002884596595459546
0.0828004195067868
-0.1762132703712046
-0.18944417633612945
0.019828057483926673
-0.1571452210555606
-0.13241963948742244
0.09012840787269301
0.10004750566751927
-0.031111578034466528
-0.04054085529948104
-0.024903057541234078
0.14180378436376942
-0.10307970429603128
-0.07581429730670419
0.07182319029683201
0.07240795635883905
0.007405926347647182
-0.044601154624865615
0.05293931024628781
-0.006404904941154584
-0.1817662319555608
0.1609402998817679
-0.15963206279077588
-0.035759981955670705
-0.18389323304699973
0.08022404069892078
0.048547087984406684
0.12139635230423412
-0.04843116700226941
0.07523841298997094
0.07918827081549132
0.01720402673380443
-0.035047609314777635
0.03173192365267283
-0.08817455144911848
-0.05973973673968113
-0.10125486990980898
0.0823879513012167
-0.17814178612114684
-0.04408500070226928
-0.1697493163539956
-0.01949250714632586
0.26088384028141226
-0.025247827925213618
-0.0926583652930379
-0.07546510174239841
0.11818436530170925
0.0290620328521597
0.10800404124319056
0.18518998967231212
-0.2388875354952115
0.11836629495145898
0.1507587180591668
0.10368717651015633
