-0.005320477187531394
0.03867268167913508
-0.2271992408418103
-0.07303695945222852
-0.03632192856524828
-0.048566867602820814
-0.0799825218632565
-0.07414871548768542
0.12153233268466407
0.09137748577601501
-0.10003547857253875
-0.012034885145661353
-0.11985177139372917
-0.03531793930278511
0.148348662471339
0.2140492431572774
-0.023430433509869463
-0.050527822871801534
0.07693425124694354
0.25310705010635653
-0.014600636646221188
0.24153298941836632
-0.06891352289545785
0.11368169615445867
-0.1495713020314755
0.07429444897722239
0.024824026497573197
0.1457288288937445
0.0835442240408546
-0.015727729108191105
0.026421615956076
0.0021695094495130067
0.04600085743238791
0.007191529017295732
-0.09680620057489071
0.03052194316658137
0.11508775270349414
-0.1978443230254332
-0.17175780525404438
0.02517801352553295
0.0027193839262116184
0.04524600917836485
0.01972569576578294
0.228272320592693
-0.11372042070922633
0.10123778664164633
-0.09829552357094097
-0.0013317198089348274
0.13588379440889714
-0.01855943298198006
-0.06348083766656516
0.17497672868633246
0.11855294697946642
-0.11810239347699378
0.04334220162420733
0.001124216680433253
-0.019506359708412285
0.010404866656585637
0.06738450037253518
0.10542816314291664
-0.19656803758020622
0.143121076516864
0.020809433615249028
-0.049700591599685276
0.07889969956826473
-0.0034072243558630946
-0.0005055932255446337
-0.17746552664255055
0.03301914857079559
-0.02245796436698266
0.15991865186182191
0.193487983584492
