-0.057623228628008255
-0.09133191571111707
-0.04713272571890237
0.07721948362460737
-0.1416291288076559
-0.1252967233820409
-0.019757349163564676
-0.03923097037655046
-0.06387648986762268
0.09571269906670635
-0.04960899803031786
0.19495549992580996
-0.09746549621677894
-0.12299090724848764
-0.2921285772592859
-0.03816081395862138
0.02664483218998595
0.09450081224259957
-0.005358443050579913
-0.07202987975533277
-0.040294670990814074
0.05472763317531915
0.05084935024600187
0.045725430070271376
-0.005405901621640105
0.06612497679218084
0.07580018281942297
-0.08090756689489279
-0.13924273399715673
0.22713464643892847
-0.015204460560966452
-0.07409549600552645
-0.14826837204041585
-0.127118225495801
0.012758043091854153
0.17161225807867322
-0.13356039427516886
-0.17622506604114377
0.13102310343576745
-0.09329345285549365
-0.022324076598483223
-0.004511126551010186
-0.08028009340480335
0.2298834719922228
-0.08873590492280678
-0.0024046014400442434
-0.028163179454697537
-0.02757272607313376
-0.19780068738094558
-0.01394215123512025
0.09346777844257344
0.18839769716114507
0.044559205253830156
0.09074196515742566
-0.05930366784105161
0.02927415457915837
-0.12513527982580708
0.07478180552362507
0.09727105851551718
0.16216413974644628
0.12866459167113073
0.049875466040619695
-0.07638691924249329
-0.04138570351704241
-0.005111455544181607
0.1185135406779389
0.21208107247449962
-0.09612812928198337
-0.09118463304286514
-0.05812647471971296
0.18770729780110584
-0.18585827824268986
