-0.15486839104880343
-0.04163881554347637
-0.07719950578661516
-0.16455615735686868
0.006542670730612838
-0.06826496336037327
0.1292946402305557
0.12149665437320543
-0.09187279198536945
-0.17662884094619838
-0.09630489484369129
0.14455438399951706
-0.0033772521839283767
0.04188957329669091
0.07339965648095864
0.1939792309153583
0.00399066144364878
0.2192015052189386
0.10007540258575881
0.09493171220931274
-0.12311956123703774
0.12726793134409659
-0.021642064564230394
-0.10785173951264641
0.08190179976651811
-0.01128803393182714
0.04409773672289732
-0.04146329268396539
0.08398536500370275
0.08918012269710847
0.044004242023891096
0.027598777088187722
-0.08065289375174847
0.03478725081238712
0.1637941565789131
0.181150312484206
-0.13722769172233434
0.24442149041260403
-0.03561140044208048
0.12060481879281948
-0.08449320181839476
-0.16306345251192617
0.056066537120031124
0.04339112901708912
-0.18725394786543414
0.32900370503734677
0.005256917385681577
-0.010197187501180371
-0.19207380831712512
-0.05656675306246442
-0.10732348285540311
-0.02912022657043504
0.0036802680885881303
0.2815165809125941
0.10080537437558752
0.1026697526583045
0.15051953169081655
-0.04632810547059848
-0.12254166883693624
0.019677077606838882
-0.17613133726340252
0.041611300216613495
0.21012162151165215
-0.05933398959690708
0.10886008828655092
-0.04292855277996284
-0.06819934160297783
-0.06743172229857475
0.08013871383493397
0.0758945341623721
0.06165213795335093
0.1262397462079352
