-0.1077399496996986
-0.01219862664429185
-0.08391834576696924
0.0348215834301031
-0.015960166505528492
0.017787515281369636
-0.10266445665606523
-0.07354401124933228
-0.036168680267649904
-0.04218232084578259
-0.1123184069397834
-0.10723984500943884
0.10694083601756665
0.18020526796894257
0.023755045040512682
0.0352116554383504
-0.015471467111472077
0.04885531915697656
0.10515285442723679
-0.12154200768541952
-0.06187526477423482
0.13537070335335252
0.0004328216105791506
-0.10385336032354281
-0.06057712565307863
0.072204692953651
0.10565577764046169
0.08080965694037351
0.02777278800804548
-0.036337369674163476
0.01828470028761638
0.018313373323712648
-0.05101172402673825
0.018167897803395613
-0.1775697752942166
0.0029745039714045747
-0.06420680340135287
-0.005822748738542147
-0.1912882561945827
-0.07187175034145658
-0.05013807413827427
-0.07221255107597867
-0.049090474375887226
0.002579204494681506
-0.018582063689122238
0.07197763833331002
0.11440445944635609
-0.2505713994718651
-0.08166910780635367
0.010586559879749723
-0.005183269818670846
-0.12800833319645252
-0.006438485147695382
0.0014538658740375929
-0.00832725944049887
0.17591699955811324
-0.09042247225679065
-0.16317054462153732
-0.0900384566467077
0.1455683776043952
-0.09649573459669314
-0.00787314938542357
-0.02594595658060604
-0.03469842479704682
-0.041546859151193966
0.2135975364970924
-0.13945317127433185
-0.10008033466035392
0.14648338164927918
-0.20764546887178872
0.11036398444842797
-0.09545571995277684
