0.009373652950828953
0.009294706917087586
-0.14705901204016666
-0.03285249833264028
0.03403282355281728
-0.23935274571251394
0.010056293097512378
0.15212873695507345
-0.017365447630959818
-0.04624371098273556
0.025788034741600466
0.059522218061184545
0.059517866367880416
0.14033860934155473
0.07660332260157861
0.01985067112810031
-0.15388242333191945
-0.046536729841548344
0.005460108761606464
0.13911705034175292
-0.11077801526152119
0.06785098604807148
-0.05389550054016183
0.15717560944376022
-0.18520490315470825
-0.0014560470206293925
-0.04758109299151236
-0.0076685054211875076
0.06439057775610484
0.16339518033557932
-0.022471450452223582
-0.10380630926354789
-0.1009053599539388
-0.1282187547346983
-0.0904898318648678
0.12210568421341839
-0.13930622780510354
0.024132111598688943
-0.049535778238563546
-0.15857504621382226
0.04732602228547498
0.06928012428643984
-0.03315046710975403
0.16193349459314602
0.018716021182855203
0.2599587613417179
-0.12307935427489994
-0.04566649417789555
0.00309080493119282
-0.0907136944729346
0.0059177078227583765
0.03870677345281674
0.054420900165237665
-0.03622089051030507
-0.18235344676807308
0.1119022504188949
0.09466215855328917
-0.012838022556224876
-0.11945825195528334
0.17216555820516002
-0.04210533523640951
0.011192440195178788
-0.09941584818972996
-0.08783219956122977
0.1839233610054349
-0.24501471120724927
0.07941556993227188
-0.018479561105934024
0.0036540670216542483
0.1477175892247051
-0.14176403513165534
0.019022893970510144
