-0.001004688443333897
0.16414106242206872
0.1832335950218215
0.011017455136810374
-0.031348673503383676
-0.17798637113241586
-0.07278396174691885
-0.08487855783526944
-0.09170431499510517
-0.1934325213685103
0.0623907862551236
0.043676742780240266
-0.08480417578519488
-0.03813724395392411
-0.19983453430364528
-0.18754829965011907
-0.016757405112197112
-0.1130505961258729
-0.09471657237479239
0.0772743717269147
-0.036482712723607744
0.08834967837074105
-0.2635513434849001
0.17810937809121596
0.08623707523484547
0.0930264246809453
-0.26611854237541044
0.07367446228413103
0.05241155450736232
0.01286241554843174
0.010467851854787324
0.02406219366151084
0.004476691865264216
0.12712828707020232
-0.1832199178945491
-0.12753309658377904
-0.11488358533046845
0.014275168543633605
-0.12511307680433253
-0.11182847230614089
-0.13576111985028458
0.08569357147738002
0.07136287562965692
-0.12528550780030326
0.1349307134571209
0.05632859437715866
-0.18530932345135825
-0.052982149823858155
-0.048094904488495585
0.13910859173508086
0.07999798580617733
0.04838865776261914
-0.07043686153243169
-0.16207183182031668
-0.008705995846366015
-0.018608376168928825
-0.21045020531847505
0.18236615721711336
0.15987510561521517
0.17759499814219384
-0.15000291995010254
0.027349962958825014
-0.1097656931959238
0.09900880766867659
-0.01373456152289305
-0.06856266895820791
0.0004652974824339133
-0.07358446279459409
-0.10301542528552998
0.03635312556032876
-0.10164887551013327
0.04028838865626749
