-0.20111359122325256
-0.15397433647862713
-0.018923140461888036
-0.13854446802831702
-0.12614706715068935
-0.019341882845334737
-0.08125883475608114
0.08687574242970472
0.16132184699399624
0.02210870352530118
0.07376213832387994
0.012751335002977449
-0.038868447241703186
0.0956203728045088
0.08716412904037019
0.10620828949687307
0.21196069544520357
-0.06345363333930659
0.07009686651181722
0.09798094287910668
0.05664022727148983
0.1273738885382267
0.0685546358379207
0.1483004329137467
-0.07917738526604534
0.10128565362567912
0.02328452074648453
-0.17841600321640844
-0.05247047620879283
-0.13859594917555007
-0.03588777720459125
0.13584518505530996
0.06099885689492576
-0.18069447350429296
-0.1519952472045351
-0.06776603532121857
0.020144949393134902
-0.19282804923939725
0.1443282348214188
-0.07066119548374383
-0.036821537809606696
0.0449652000001859
0.08606971446665658
0.07530020190809995
-0.0428632487210398
0.05064522635458122
-0.11298640688939482
-0.039034654162250146
-0.06198870640010175
0.07579315799204224
-0.018881485275569456
0.06444171866357178
-0.09315725589096426
0.050628533385253464
-0.12429365327778621
0.27330393078632964
-0.09118536030893819
-0.09697019832494623
-0.12730158140268333
-0.013116261858822316
-0.07312966789591141
0.031032902220883597
-0.10039833601972913
-0.02148280333093676
-0.12082741920638432
0.04542966927480118
0.1073625326635485
-0.011480744212966545
-0.0005327599949756812
-0.2043117940084127
0.24128693641672494
0.18721550869452408
