-0.0844002610862315
-0.1717275077620381
-0.010811102326532575
-0.07591147816255346
-0.026905743472924556
-0.05019197141570312
-0.008363125415296227
-0.15157308179200152
0.03797567012629745
-0.018686645980409863
0.006711145756998493
0.018364706977090618
0.008909089427280917
-0.05494755992512265
0.04065898182481475
-0.09946263051485452
0.09780664010503139
-0.06960431789221737
-0.052801426796266995
0.2198340957536779
-0.050584422496197344
0.20444752685789175
-0.03864702010766705
0.044567981157818
-0.15844212688570314
-0.014957899303245134
0.1305578128768872
-0.021406463635503865
0.11991082364513332
0.10728962491806238
-0.04091852189200015
-0.009298961885970475
0.04158733919601577
0.11438570152921658
0.11271097503277802
0.019030468819251228
-0.04310023504975469
0.10140327861783256
-0.13821566558102324
0.058354630752708095
0.12770894905773328
0.22806694751933643
0.11853608556233337
0.01616122861005513
-0.08334460235541662
0.2532331230566277
-0.0510519292547221
0.016998222251738183
0.09245222858093269
-0.13089862674694763
0.10918657359380633
0.05569495746993805
-0.025541066930593756
-0.17689422686738834
-0.19290937812867132
0.1362828618423979
0.020007133311708968
0.1364436043027728
0.03305501673149541
0.2205536225027233
0.03224235474622701
-0.0007771667530870122
0.2074109615981896
-0.004932365502173179
-0.08436062836407639
-0.015402348810458157
0.08072142504141153
0.09701319805373318
-0.14559878229205986
-0.155804534855333
-0.09007819094980658
-0.08088383440865035
